0 0.071605 0.534066 0.133333 0.435165
0 0.177778 0.556044 0.103704 0.448352
0 0.266049 0.608791 0.090123 0.351648
0 0.335802 0.675824 0.074074 0.239560
0 0.411728 0.674725 0.117284 0.272527
0 0.470988 0.796703 0.070370 0.125275
0 0.504938 0.690110 0.049383 0.136264
0 0.572840 0.769231 0.049383 0.197802
0 0.603704 0.747253 0.034568 0.272527
0 0.671605 0.790110 0.093827 0.213187
0 0.607407 0.528571 0.066667 0.178022
0 0.670370 0.579121 0.056790 0.191209
0 0.559877 0.550549 0.062963 0.204396
0 0.718519 0.542857 0.051852 0.241758
0 0.806790 0.500000 0.122222 0.156044
0 0.862346 0.692308 0.097531 0.259341
0 0.930864 0.623077 0.130864 0.230769
0 0.976543 0.474725 0.046914 0.087912
0 0.785802 0.361538 0.156790 0.164835
0 0.657407 0.275824 0.166667 0.296703
0 0.498148 0.274725 0.149383 0.307692
0 0.325309 0.350549 0.149383 0.340659
0 0.368519 0.234066 0.122222 0.195604
0 0.096296 0.175824 0.190123 0.312088
