0 0.072273 0.732633 0.075455 0.066236
0 0.133182 0.672859 0.080909 0.176090
0 0.204545 0.751212 0.061818 0.045234
0 0.281364 0.763328 0.031818 0.075929
0 0.310909 0.739095 0.041818 0.108239
0 0.332273 0.583199 0.028182 0.164782
0 0.285455 0.529887 0.065455 0.142165
0 0.259545 0.505654 0.080909 0.106624
0 0.365000 0.609855 0.059091 0.169628
0 0.368182 0.737480 0.038182 0.088853
0 0.396818 0.741519 0.039091 0.100162
0 0.455909 0.668821 0.053636 0.245557
0 0.495000 0.639742 0.033636 0.054927
0 0.640000 0.630048 0.054545 0.071082
0 0.604545 0.704362 0.045455 0.064620
0 0.720455 0.470921 0.073636 0.127625
0 0.705909 0.598546 0.110000 0.137318
0 0.677273 0.674475 0.040000 0.059774
