0 0.211111 0.495062 0.052778 0.061728
0 0.211806 0.616049 0.051389 0.081481
0 0.295139 0.651852 0.043056 0.079012
0 0.357639 0.656790 0.095833 0.128395
0 0.409722 0.653086 0.069444 0.091358
0 0.474306 0.685185 0.034722 0.051852
0 0.515278 0.707407 0.033333 0.066667
0 0.581250 0.677778 0.098611 0.125926
0 0.695139 0.646914 0.076389 0.153086
0 0.756250 0.624691 0.034722 0.059259
0 0.786806 0.561728 0.034722 0.076543
0 0.888889 0.483951 0.033333 0.044444
0 0.926389 0.466667 0.025000 0.044444
0 0.962500 0.502469 0.008333 0.027160
0 0.984028 0.469136 0.026389 0.044444
