0 0.548800 0.593333 0.094400 0.110400
0 0.600800 0.681867 0.120000 0.116800
0 0.645600 0.749333 0.071200 0.054400
0 0.584400 0.788533 0.015200 0.040000
0 0.607000 0.804533 0.019600 0.042133
0 0.657800 0.822667 0.019600 0.034667
0 0.766400 0.878667 0.078400 0.095467
0 0.865600 0.891467 0.036800 0.059200
0 0.888400 0.861333 0.055200 0.067200
0 0.937400 0.826133 0.070000 0.130133
0 0.947600 0.712000 0.051200 0.090667
0 0.983000 0.682400 0.016400 0.075200
0 0.775800 0.750400 0.046000 0.088533
0 0.784200 0.673867 0.050800 0.046400
0 0.468400 0.465067 0.146400 0.157867
0 0.542600 0.391467 0.146000 0.240000
0 0.636200 0.457867 0.076400 0.111467
0 0.563000 0.225867 0.231600 0.239467
0 0.604200 0.079467 0.206800 0.109867
0 0.723000 0.159467 0.153200 0.122667
0 0.694000 0.223733 0.049600 0.060267
