0 0.099375 0.775833 0.186250 0.301667
0 0.230625 0.920833 0.041250 0.051667
0 0.426875 0.869167 0.148750 0.171667
0 0.481250 0.747500 0.107500 0.085000
0 0.253125 0.650000 0.013750 0.140000
0 0.145625 0.556667 0.096250 0.116667
0 0.380625 0.753333 0.063750 0.050000
0 0.440625 0.709167 0.061250 0.075000
0 0.541875 0.865000 0.068750 0.056667
0 0.615625 0.792500 0.063750 0.145000
0 0.726250 0.724167 0.210000 0.075000
0 0.719375 0.680833 0.128750 0.045000
0 0.808750 0.659167 0.050000 0.081667
0 0.873125 0.662500 0.046250 0.085000
0 0.968750 0.691667 0.045000 0.203333
0 0.921875 0.815833 0.138750 0.045000
0 0.910625 0.894167 0.036250 0.048333
0 0.881250 0.917500 0.015000 0.015000
0 0.730625 0.876667 0.126250 0.030000
0 0.806875 0.836667 0.083750 0.046667
0 0.679375 0.360833 0.011250 0.085000
0 0.592500 0.555000 0.040000 0.143333
0 0.698750 0.523333 0.025000 0.040000
0 0.415625 0.589167 0.031250 0.041667
