0 0.171875 0.610000 0.183036 0.166667
0 0.058036 0.828333 0.107143 0.170000
0 0.197545 0.805000 0.229911 0.270000
0 0.357143 0.598333 0.187500 0.150000
0 0.342634 0.433333 0.131696 0.200000
0 0.341518 0.300000 0.071429 0.100000
0 0.073661 0.518333 0.049107 0.036667
0 0.651786 0.371667 0.066964 0.096667
0 0.608259 0.545000 0.087054 0.136667
0 0.537946 0.718333 0.174107 0.176667
0 0.454241 0.863333 0.283482 0.126667
0 0.693080 0.845000 0.109375 0.123333
0 0.783482 0.785000 0.133929 0.150000
0 0.831473 0.590000 0.055804 0.140000
0 0.890625 0.775000 0.129464 0.176667
0 0.972098 0.885000 0.055804 0.130000
0 0.766741 0.445000 0.064732 0.256667
0 0.899554 0.483333 0.093750 0.166667
0 0.916295 0.318333 0.029018 0.103333
0 0.956473 0.216667 0.011161 0.066667
0 0.723214 0.200000 0.035714 0.080000
