0 0.087500 0.180000 0.170000 0.351111
0 0.223750 0.177778 0.122500 0.346667
0 0.638750 0.146667 0.682500 0.284444
0 0.792500 0.506667 0.410000 0.444444
0 0.541250 0.693333 0.122500 0.400000
0 0.790000 0.795556 0.410000 0.177778
0 0.791250 0.971111 0.177500 0.057778
0 0.907500 0.953333 0.060000 0.031111
0 0.531250 0.922222 0.107500 0.066667
0 0.411250 0.735556 0.082500 0.484444
0 0.347500 0.737778 0.065000 0.471111
0 0.298750 0.740000 0.052500 0.484444
0 0.251250 0.744444 0.052500 0.493333
0 0.220000 0.751111 0.040000 0.462222
0 0.168750 0.748889 0.067500 0.440000
0 0.052500 0.675556 0.095000 0.631111
0 0.108750 0.802222 0.032500 0.377778
