0 0.515104 0.744444 0.494792 0.294444
0 0.435417 0.560417 0.170833 0.154167
0 0.518750 0.456250 0.093750 0.087500
0 0.817187 0.546528 0.055208 0.059722
0 0.828125 0.495833 0.029167 0.050000
0 0.947396 0.819444 0.030208 0.072222
0 0.723958 0.383333 0.095833 0.052778
0 0.622396 0.913889 0.105208 0.069444
0 0.202604 0.571528 0.023958 0.045833
0 0.016667 0.600694 0.016667 0.034722
0 0.040104 0.556250 0.026042 0.051389
0 0.250521 0.302778 0.023958 0.033333
0 0.066667 0.114583 0.012500 0.031944
0 0.070312 0.243056 0.034375 0.038889
