0 0.365000 0.578750 0.073333 0.097500
0 0.422500 0.480000 0.075000 0.135000
0 0.470833 0.412500 0.071667 0.110000
0 0.520000 0.360000 0.056667 0.110000
0 0.556667 0.313750 0.033333 0.102500
0 0.585000 0.263750 0.073333 0.092500
0 0.626667 0.215000 0.046667 0.110000
0 0.665833 0.172500 0.038333 0.095000
0 0.700833 0.135000 0.041667 0.090000
0 0.214167 0.396250 0.025000 0.102500
0 0.261667 0.363750 0.023333 0.047500
0 0.319167 0.265000 0.028333 0.050000
0 0.344167 0.241250 0.011667 0.042500
0 0.387500 0.155000 0.018333 0.100000
0 0.286667 0.318750 0.043333 0.037500
0 0.128333 0.516250 0.013333 0.027500
0 0.438333 0.401250 0.036667 0.047500
