0 0.204061 0.334838 0.113706 0.120939
0 0.060406 0.435018 0.051777 0.057762
0 0.116751 0.413357 0.069036 0.075812
0 0.280203 0.451264 0.093401 0.083032
0 0.042132 0.761733 0.074112 0.054152
0 0.110660 0.821300 0.079188 0.115523
0 0.171066 0.866426 0.086294 0.101083
0 0.070051 0.948556 0.077157 0.066787
0 0.129949 0.934116 0.062944 0.048736
0 0.606091 0.775271 0.785787 0.178700
0 0.402030 0.263538 0.052792 0.111913
0 0.478173 0.213899 0.054822 0.099278
0 0.753807 0.183213 0.380711 0.095668
0 0.881218 0.254513 0.156345 0.079422
0 0.751269 0.343863 0.125888 0.164260
0 0.439594 0.387184 0.075127 0.074007
0 0.824365 0.768953 0.087310 0.140794
0 0.634518 0.778881 0.201015 0.160650
