0 0.138184 0.801775 0.272461 0.076923
0 0.093750 0.843935 0.179688 0.039941
0 0.076660 0.598373 0.092773 0.102071
0 0.167480 0.629438 0.030273 0.063609
0 0.274902 0.611686 0.053711 0.048817
0 0.468750 0.588018 0.027344 0.090237
0 0.445312 0.647929 0.037109 0.041420
0 0.422852 0.678994 0.025391 0.023669
0 0.486328 0.616124 0.017578 0.028107
0 0.597656 0.740385 0.019531 0.034024
0 0.521973 0.567308 0.022461 0.045858
0 0.554688 0.561391 0.017578 0.034024
0 0.450195 0.576183 0.017578 0.045858
0 0.391602 0.701183 0.023438 0.017751
0 0.113770 0.825444 0.186523 0.053254
