0 0.025000 0.238889 0.025000 0.200000
0 0.114062 0.262500 0.115625 0.141667
0 0.197656 0.363889 0.120313 0.177778
0 0.194531 0.519444 0.051562 0.088889
0 0.111719 0.633333 0.029687 0.061111
0 0.102344 0.705556 0.035937 0.055556
0 0.070312 0.525000 0.046875 0.072222
0 0.358594 0.419444 0.104688 0.138889
0 0.520312 0.630556 0.037500 0.038889
0 0.482031 0.688889 0.032813 0.111111
0 0.682031 0.534722 0.073438 0.080556
0 0.850000 0.597222 0.115625 0.066667
0 0.974219 0.577778 0.039062 0.038889
0 0.847656 0.720833 0.026562 0.036111
0 0.775000 0.604167 0.068750 0.069444
