0 0.029687 0.716667 0.055208 0.114815
0 0.131250 0.655556 0.133333 0.155556
0 0.263021 0.578704 0.198958 0.250000
0 0.402083 0.517593 0.227083 0.290741
0 0.453646 0.237037 0.086458 0.111111
0 0.490104 0.498148 0.186458 0.362963
0 0.607812 0.447222 0.044792 0.079630
0 0.780729 0.579630 0.055208 0.107407
0 0.801042 0.174074 0.043750 0.062963
0 0.567187 0.136111 0.067708 0.064815
0 0.484896 0.138889 0.036458 0.066667
0 0.331771 0.290741 0.061458 0.051852
0 0.254688 0.330556 0.111458 0.057407
0 0.179688 0.375000 0.044792 0.057407
0 0.533333 0.301852 0.043750 0.074074
0 0.521354 0.210185 0.030208 0.061111
