0 0.204478 0.786667 0.047761 0.124444
0 0.300000 0.718889 0.056716 0.113333
0 0.356716 0.676667 0.053731 0.042222
0 0.390299 0.758889 0.079104 0.024444
0 0.463433 0.720000 0.076119 0.031111
0 0.466418 0.755556 0.049254 0.026667
0 0.474627 0.666667 0.041791 0.040000
0 0.526866 0.673333 0.065672 0.031111
0 0.529851 0.634444 0.056716 0.042222
0 0.382090 0.635556 0.235821 0.040000
0 0.344030 0.568889 0.108955 0.097778
0 0.141791 0.660000 0.041791 0.084444
0 0.174627 0.540000 0.038806 0.071111
0 0.332836 0.475556 0.044776 0.102222
