0 0.071429 0.884120 0.137143 0.214592
0 0.217143 0.954936 0.171429 0.081545
0 0.338571 0.869099 0.145714 0.244635
0 0.431429 0.832618 0.097143 0.163090
0 0.250000 0.517167 0.111429 0.115880
0 0.362857 0.633047 0.097143 0.098712
0 0.171429 0.686695 0.062857 0.085837
0 0.027143 0.603004 0.042857 0.072961
0 0.075714 0.506438 0.111429 0.111588
0 0.497143 0.504292 0.057143 0.107296
0 0.338571 0.476395 0.065714 0.137339
0 0.608571 0.394850 0.080000 0.103004
0 0.701429 0.480687 0.185714 0.163090
0 0.581429 0.834764 0.031429 0.055794
0 0.707143 0.884120 0.151429 0.103004
0 0.788571 0.798283 0.188571 0.214592
0 0.772857 0.643777 0.140000 0.103004
0 0.925714 0.667382 0.125714 0.098712
0 0.917143 0.828326 0.160000 0.214592
