0 0.336250 0.968579 0.057500 0.046448
0 0.463750 0.969945 0.075000 0.054645
0 0.481875 0.800546 0.086250 0.109290
0 0.596875 0.818306 0.088750 0.204918
0 0.488750 0.904372 0.105000 0.065574
0 0.612500 0.965847 0.082500 0.062842
0 0.776875 0.769126 0.238750 0.122951
0 0.699375 0.909836 0.068750 0.103825
0 0.738750 0.979508 0.025000 0.040984
0 0.659375 0.875683 0.081250 0.144809
0 0.539375 0.793716 0.053750 0.177596
0 0.765625 0.674863 0.386250 0.109290
0 0.770625 0.515027 0.398750 0.226776
0 0.845625 0.325137 0.273750 0.147541
0 0.883750 0.203552 0.220000 0.095628
0 0.333750 0.314208 0.047500 0.218579
0 0.377500 0.250000 0.042500 0.101093
0 0.040000 0.096995 0.060000 0.090164
0 0.009375 0.355191 0.013750 0.158470
0 0.407500 0.889344 0.045000 0.133880
0 0.977500 0.631148 0.035000 0.344262
0 0.931875 0.763661 0.098750 0.084699
0 0.825000 0.838798 0.050000 0.087432
