0 0.135031 0.493151 0.106481 0.158904
0 0.164352 0.412329 0.078704 0.095890
0 0.145062 0.589041 0.083333 0.076712
0 0.117284 0.694521 0.067901 0.068493
0 0.420525 0.765753 0.189815 0.090411
0 0.618056 0.816438 0.115741 0.049315
0 0.680556 0.750685 0.077160 0.109589
0 0.780864 0.745205 0.080247 0.082192
0 0.850309 0.761644 0.058642 0.104110
0 0.894290 0.584932 0.057099 0.068493
0 0.871142 0.649315 0.054012 0.054795
0 0.804012 0.545205 0.049383 0.093151
0 0.708333 0.469863 0.108025 0.178082
0 0.516975 0.553425 0.256173 0.147945
0 0.376543 0.613699 0.040123 0.115068
0 0.542438 0.443836 0.180556 0.082192
0 0.344907 0.402740 0.029321 0.191781
0 0.371914 0.371233 0.033951 0.189041
0 0.395833 0.382192 0.140432 0.227397
0 0.317130 0.393151 0.020062 0.095890
0 0.214506 0.372603 0.009259 0.060274
