0 0.343333 0.479861 0.041667 0.070833
0 0.316250 0.526389 0.025833 0.061111
0 0.346667 0.596528 0.038333 0.079167
0 0.055000 0.284722 0.041667 0.072222
0 0.046667 0.357639 0.070000 0.073611
0 0.057500 0.448611 0.050000 0.094444
0 0.055417 0.618056 0.065833 0.233333
0 0.082083 0.773611 0.037500 0.086111
0 0.095833 0.869444 0.016667 0.061111
0 0.113333 0.951389 0.030000 0.075000
0 0.482917 0.449306 0.029167 0.040278
0 0.452083 0.331250 0.049167 0.093056
0 0.483333 0.377083 0.026667 0.073611
0 0.547500 0.446528 0.031667 0.056944
0 0.542500 0.395139 0.018333 0.065278
0 0.453750 0.548611 0.044167 0.055556
0 0.547083 0.572917 0.049167 0.079167
0 0.572500 0.563194 0.036667 0.156944
0 0.597083 0.463889 0.025833 0.036111
0 0.652500 0.902778 0.038333 0.058333
0 0.672500 0.955556 0.043333 0.063889
0 0.711667 0.961806 0.016667 0.040278
0 0.884167 0.627778 0.045000 0.088889
0 0.885417 0.742361 0.064167 0.095833
0 0.888750 0.872222 0.054167 0.144444
0 0.745000 0.440972 0.043333 0.104167
0 0.697917 0.469444 0.027500 0.066667
0 0.379583 0.913194 0.020833 0.051389
0 0.391667 0.983333 0.021667 0.033333
0 0.292500 0.836111 0.021667 0.069444
