0 0.169958 0.547917 0.082121 0.233333
0 0.037422 0.812500 0.062370 0.208333
0 0.096674 0.744792 0.103950 0.231250
0 0.215696 0.785417 0.146570 0.237500
0 0.313929 0.712500 0.195426 0.241667
0 0.511954 0.773958 0.258836 0.168750
0 0.548337 0.627083 0.192308 0.216667
0 0.412682 0.916667 0.099792 0.166667
0 0.557692 0.939583 0.094595 0.120833
0 0.629418 0.895833 0.104990 0.129167
0 0.718815 0.832292 0.129938 0.227083
0 0.738046 0.652083 0.108108 0.133333
0 0.686590 0.703125 0.065489 0.085417
0 0.807173 0.950000 0.048857 0.100000
0 0.857069 0.954167 0.038462 0.091667
0 0.940229 0.870833 0.119543 0.258333
0 0.870062 0.647917 0.060291 0.133333
0 0.985967 0.678125 0.028067 0.102083
0 0.817568 0.287500 0.030146 0.058333
0 0.811850 0.687500 0.035343 0.083333
0 0.110187 0.779167 0.062370 0.141667
0 0.198545 0.956250 0.039501 0.070833
