0 0.453509 0.435294 0.089474 0.147059
0 0.506140 0.394118 0.075439 0.147059
0 0.572807 0.373529 0.050877 0.082353
0 0.257895 0.369118 0.035088 0.067647
0 0.357895 0.392647 0.080702 0.085294
0 0.331579 0.260294 0.080702 0.114706
0 0.378947 0.244118 0.077193 0.141176
0 0.516667 0.164706 0.110526 0.211765
0 0.596491 0.125000 0.059649 0.102941
0 0.016667 0.269118 0.029825 0.085294
0 0.043860 0.277941 0.038596 0.073529
0 0.034211 0.208824 0.026316 0.047059
0 0.059649 0.214706 0.021053 0.029412
0 0.156140 0.283824 0.045614 0.061765
0 0.119298 0.438235 0.063158 0.141176
0 0.150877 0.473529 0.049123 0.094118
0 0.053509 0.694118 0.008772 0.123529
0 0.012281 0.682353 0.010526 0.105882
0 0.150877 0.739706 0.017544 0.132353
0 0.222807 0.850000 0.035088 0.064706
0 0.304386 0.898529 0.043860 0.091176
0 0.210526 0.658824 0.031579 0.052941
0 0.235088 0.708824 0.038596 0.035294
0 0.277193 0.751471 0.014035 0.044118
0 0.384211 0.808824 0.038596 0.023529
0 0.715789 0.927941 0.031579 0.038235
0 0.912281 0.736765 0.059649 0.085294
0 0.499123 0.622059 0.064912 0.055882
0 0.559649 0.514706 0.073684 0.076471
0 0.715789 0.452941 0.105263 0.129412
0 0.807895 0.457353 0.033333 0.085294
0 0.869298 0.230882 0.029825 0.044118
0 0.901754 0.264706 0.024561 0.041176
0 0.921053 0.317647 0.028070 0.041176
0 0.757018 0.727941 0.050877 0.050000
0 0.750000 0.901471 0.029825 0.073529
0 0.813158 0.875000 0.008772 0.038235
0 0.829825 0.852941 0.014035 0.029412
0 0.881579 0.883824 0.029825 0.067647
0 0.928947 0.876471 0.036842 0.017647
0 0.784211 0.891176 0.042105 0.064706
