0 0.504615 0.712000 0.621538 0.240000
0 0.098462 0.832000 0.116923 0.272000
0 0.100000 0.872000 0.120000 0.192000
0 0.213846 0.796000 0.003077 0.002667
0 0.196154 0.890667 0.081538 0.218667
0 0.283846 0.544000 0.158462 0.117333
0 0.423077 0.516000 0.123077 0.146667
0 0.501538 0.420000 0.132308 0.184000
0 0.746154 0.574667 0.064615 0.050667
0 0.565385 0.720000 0.056923 0.090667
0 0.800000 0.673333 0.089231 0.120000
0 0.905385 0.725333 0.090769 0.122667
0 0.912308 0.854667 0.098462 0.109333
0 0.899231 0.576000 0.066154 0.160000
0 0.975385 0.688000 0.049231 0.213333
0 0.976154 0.525333 0.041538 0.149333
0 0.953077 0.528000 0.044615 0.138667
0 0.819231 0.553333 0.112308 0.141333
