0 0.189050 0.671806 0.068182 0.107195
0 0.141529 0.767988 0.068182 0.102790
0 0.169938 0.831865 0.001033 0.001468
0 0.093492 0.820852 0.108471 0.076358
0 0.099174 0.893539 0.107438 0.060206
0 0.076963 0.759178 0.054752 0.032305
0 0.259814 0.647577 0.063017 0.041116
0 0.299070 0.710720 0.038223 0.064611
0 0.311983 0.850954 0.113636 0.104258
0 0.418905 0.950073 0.104339 0.070485
0 0.632231 0.614537 0.237603 0.080764
0 0.537707 0.409692 0.149793 0.252570
0 0.564566 0.178414 0.104339 0.180617
0 0.649277 0.322320 0.067149 0.286344
0 0.717975 0.270925 0.039256 0.239354
0 0.768079 0.221733 0.071281 0.199706
0 0.832128 0.196769 0.040289 0.138032
0 0.877066 0.152717 0.016529 0.055800
0 0.914256 0.024229 0.037190 0.033774
