0 0.033333 0.446296 0.046154 0.040741
0 0.064103 0.422222 0.025641 0.044444
0 0.084615 0.342593 0.025641 0.048148
0 0.111538 0.324074 0.023077 0.040741
0 0.138462 0.448148 0.041026 0.074074
0 0.167949 0.409259 0.017949 0.033333
0 0.185897 0.392593 0.012821 0.037037
0 0.215385 0.370370 0.051282 0.029630
0 0.246154 0.481481 0.041026 0.066667
0 0.266667 0.442593 0.020513 0.040741
0 0.196154 0.494444 0.023077 0.040741
0 0.305128 0.253704 0.020513 0.018519
0 0.335897 0.238889 0.025641 0.048148
0 0.388462 0.240741 0.048718 0.044444
0 0.942308 0.196296 0.007692 0.022222
0 0.964103 0.187037 0.015385 0.025926
0 0.980769 0.887037 0.017949 0.048148
0 0.856410 0.864815 0.020513 0.033333
