0 0.060857 0.662811 0.070286 0.027421
0 0.363000 0.654456 0.036286 0.045844
0 0.382143 0.605613 0.021429 0.035561
0 0.542857 0.679734 0.002857 0.002142
0 0.536143 0.667952 0.049429 0.033419
0 0.605857 0.589117 0.030000 0.042845
0 0.640429 0.675450 0.052857 0.045844
0 0.682571 0.655527 0.073143 0.037704
0 0.727429 0.642031 0.064000 0.041560
0 0.801000 0.664096 0.048286 0.037704
0 0.870000 0.548415 0.080000 0.057412
0 0.921857 0.632605 0.071143 0.054413
0 0.987714 0.651457 0.024571 0.026992
0 0.958857 0.457155 0.032000 0.037704
