0 0.082682 0.789062 0.154948 0.078125
0 0.170573 0.773438 0.200521 0.097656
0 0.229818 0.718750 0.220052 0.113281
0 0.386719 0.776367 0.122396 0.072266
0 0.457682 0.741211 0.243490 0.150391
0 0.411458 0.883789 0.101562 0.087891
0 0.488281 0.655273 0.244792 0.150391
0 0.598307 0.630859 0.178385 0.226562
0 0.779297 0.768555 0.420573 0.123047
0 0.768880 0.713867 0.126302 0.095703
0 0.769531 0.849609 0.114583 0.082031
0 0.895833 0.846680 0.109375 0.080078
0 0.185547 0.639648 0.071615 0.041016
0 0.015625 0.920898 0.023438 0.044922
0 0.256510 0.907227 0.127604 0.064453
