0 0.191000 0.256932 0.026000 0.092421
0 0.071500 0.355823 0.017000 0.064695
0 0.194000 0.350277 0.020000 0.068392
0 0.257000 0.320702 0.012000 0.027726
0 0.298000 0.349353 0.020000 0.170055
0 0.327000 0.268022 0.052000 0.055453
0 0.353500 0.366913 0.013000 0.223660
0 0.362000 0.475970 0.044000 0.046211
0 0.409000 0.451017 0.026000 0.062847
0 0.386500 0.284658 0.027000 0.059150
0 0.498500 0.217190 0.055000 0.035120
0 0.581500 0.223660 0.041000 0.048059
0 0.636500 0.236599 0.023000 0.048059
0 0.699500 0.218115 0.015000 0.018484
0 0.702500 0.320702 0.023000 0.134935
0 0.749500 0.253235 0.025000 0.036969
0 0.575000 0.300370 0.024000 0.042514
0 0.572000 0.262477 0.018000 0.040665
0 0.563000 0.333641 0.012000 0.042514
0 0.525000 0.361368 0.024000 0.046211
0 0.508500 0.392791 0.015000 0.024030
0 0.521000 0.460259 0.026000 0.044362
0 0.562500 0.423290 0.005000 0.036969
