0 0.133974 0.585421 0.039744 0.127563
0 0.184615 0.588838 0.035897 0.079727
0 0.258974 0.648064 0.035897 0.102506
0 0.216667 0.730068 0.076923 0.061503
0 0.041026 0.707289 0.071795 0.061503
0 0.625000 0.612756 0.060256 0.218679
0 0.677564 0.625285 0.062821 0.134396
0 0.731410 0.611617 0.026923 0.211845
0 0.793590 0.596811 0.033333 0.127563
0 0.766026 0.607062 0.070513 0.075171
0 0.849359 0.497722 0.096154 0.179954
0 0.812821 0.501139 0.128205 0.086560
0 0.866026 0.340547 0.085897 0.111617
0 0.969231 0.519362 0.061538 0.095672
0 0.946154 0.599089 0.071795 0.095672
