0 0.069492 0.900238 0.044068 0.023753
0 0.099153 0.872922 0.059322 0.045131
0 0.147458 0.853919 0.054237 0.054632
0 0.177119 0.830166 0.028814 0.016627
0 0.158475 0.927553 0.038983 0.045131
0 0.202542 0.815914 0.035593 0.030879
0 0.235593 0.800475 0.023729 0.038005
0 0.262712 0.793349 0.013559 0.019002
0 0.292373 0.777910 0.018644 0.011876
0 0.315254 0.769596 0.016949 0.019002
0 0.326271 0.757720 0.022034 0.028504
0 0.370339 0.771971 0.025424 0.014252
0 0.531356 0.728029 0.015254 0.030879
0 0.548305 0.710214 0.035593 0.023753
0 0.573729 0.688836 0.018644 0.033254
0 0.618644 0.654394 0.006780 0.059382
0 0.632203 0.647268 0.003390 0.049881
0 0.629661 0.635392 0.015254 0.030879
0 0.648305 0.600950 0.018644 0.052257
0 0.704237 0.580760 0.093220 0.040380
0 0.734746 0.530879 0.059322 0.102138
