0 0.328125 0.783734 0.060417 0.391867
0 0.392188 0.944547 0.098958 0.110906
0 0.216146 0.760628 0.023958 0.412200
0 0.616146 0.804991 0.101042 0.072089
0 0.705729 0.805915 0.051042 0.073937
0 0.708854 0.925139 0.048958 0.068392
0 0.643750 0.923290 0.052083 0.060998
0 0.585938 0.921442 0.038542 0.053604
0 0.638021 0.210721 0.030208 0.040665
0 0.701562 0.217190 0.044792 0.057301
0 0.535937 0.109982 0.040625 0.049908
0 0.322396 0.451017 0.023958 0.036969
0 0.205208 0.354898 0.027083 0.051756
0 0.322396 0.119224 0.019792 0.060998
