0 0.165278 0.686420 0.322222 0.266667
0 0.223611 0.881481 0.197222 0.153086
0 0.058333 0.874074 0.111111 0.123457
0 0.398611 0.891358 0.075000 0.153086
0 0.562500 0.904938 0.177778 0.170370
0 0.543056 0.679012 0.383333 0.311111
0 0.493750 0.266667 0.951389 0.483951
0 0.781250 0.581481 0.123611 0.234568
0 0.912500 0.520988 0.133333 0.118519
0 0.968056 0.239506 0.063889 0.469136
0 0.472917 0.019753 0.918056 0.019753
0 0.016667 0.279012 0.030556 0.523457
0 0.188194 0.525926 0.329167 0.054321
0 0.331944 0.669136 0.072222 0.261728
