0 0.027778 0.814815 0.041667 0.176955
0 0.084491 0.806327 0.021605 0.169239
0 0.190008 0.745113 0.030478 0.319444
0 0.181327 0.862654 0.068673 0.048354
0 0.275463 0.718879 0.127315 0.325617
0 0.328511 0.493570 0.208719 0.082819
0 0.375772 0.726080 0.077932 0.388374
0 0.469136 0.722994 0.061728 0.392490
0 0.526620 0.590792 0.054784 0.638374
0 0.585648 0.665123 0.045525 0.522634
0 0.407793 0.288323 0.122685 0.140432
0 0.365355 0.415381 0.113426 0.087963
0 0.584105 0.171811 0.066358 0.080247
0 0.688850 0.356481 0.026620 0.094650
0 0.746721 0.455761 0.045139 0.174897
0 0.712384 0.556070 0.099151 0.195473
0 0.634066 0.680556 0.084491 0.164609
0 0.638889 0.828447 0.109568 0.131173
0 0.719522 0.845936 0.033179 0.037551
0 0.876543 0.873971 0.047840 0.044239
0 0.951003 0.872685 0.031636 0.022119
0 0.960069 0.595422 0.025849 0.060185
0 0.965471 0.695988 0.024306 0.099794
0 0.850116 0.385802 0.048997 0.100823
0 0.837577 0.482510 0.039352 0.066872
0 0.780864 0.267490 0.034722 0.100823
0 0.745563 0.311986 0.028164 0.078704
0 0.793017 0.414866 0.021219 0.086934
0 0.778549 0.141461 0.027006 0.060700
