0 0.297945 0.391423 0.069863 0.067518
0 0.139726 0.560219 0.027397 0.032847
0 0.013699 0.568431 0.021918 0.041971
0 0.076712 0.476277 0.016438 0.018248
0 0.192466 0.474453 0.034247 0.036496
0 0.313699 0.552007 0.063014 0.023723
0 0.393836 0.553832 0.083562 0.063869
0 0.424658 0.499088 0.024658 0.027372
0 0.208904 0.698905 0.039726 0.025547
0 0.266438 0.690693 0.042466 0.060219
0 0.333562 0.723540 0.047945 0.052920
0 0.470548 0.752737 0.209589 0.038321
0 0.547260 0.689781 0.042466 0.065693
0 0.622603 0.591241 0.050685 0.058394
0 0.573973 0.632299 0.041096 0.031022
0 0.506164 0.718066 0.047945 0.020073
0 0.453425 0.568431 0.019178 0.016423
0 0.250000 0.598540 0.047945 0.021898
0 0.751370 0.580292 0.050685 0.032847
0 0.788356 0.552007 0.069863 0.049270
0 0.850000 0.544708 0.042466 0.031022
0 0.882192 0.529197 0.032877 0.047445
0 0.909589 0.501825 0.035616 0.058394
0 0.943836 0.468066 0.041096 0.089416
0 0.982192 0.401460 0.030137 0.029197
0 0.334247 0.342153 0.024658 0.034672
0 0.353425 0.282847 0.024658 0.094891
0 0.374658 0.246350 0.009589 0.072993
0 0.413014 0.111314 0.015068 0.032847
0 0.050685 0.542883 0.021918 0.034672
0 0.039726 0.626825 0.013699 0.023723
