0 0.180833 0.096154 0.031667 0.097633
0 0.209167 0.368343 0.045000 0.363905
0 0.240000 0.643491 0.063333 0.133136
0 0.310833 0.578402 0.041667 0.115385
0 0.052500 0.519231 0.055000 0.115385
0 0.035000 0.612426 0.043333 0.053254
0 0.025000 0.690828 0.040000 0.038462
0 0.105833 0.698225 0.095000 0.053254
0 0.173333 0.855030 0.040000 0.053254
0 0.029167 0.965976 0.048333 0.062130
0 0.456667 0.979290 0.080000 0.023669
0 0.475833 0.939349 0.038333 0.085799
0 0.524167 0.886095 0.038333 0.056213
0 0.530833 0.951183 0.041667 0.062130
0 0.606667 0.887574 0.090000 0.136095
0 0.718333 0.662722 0.073333 0.112426
0 0.752500 0.423077 0.121667 0.147929
0 0.851667 0.437870 0.033333 0.272189
0 0.825000 0.625740 0.076667 0.286982
0 0.962500 0.442308 0.075000 0.079882
