0 0.188182 0.513732 0.174545 0.655897
0 0.076818 0.796446 0.042727 0.054927
0 0.071818 0.508885 0.041818 0.035541
0 0.305909 0.642165 0.095455 0.327948
0 0.389545 0.617124 0.090000 0.193861
0 0.392727 0.749596 0.090909 0.096931
0 0.465909 0.644588 0.066364 0.294023
0 0.313182 0.382068 0.100909 0.211632
0 0.567727 0.655897 0.053636 0.116317
0 0.616818 0.759289 0.042727 0.064620
0 0.805909 0.500000 0.293636 0.179321
0 0.795909 0.385299 0.226364 0.169628
0 0.815909 0.659128 0.079091 0.119548
0 0.890909 0.656704 0.045455 0.046850
0 0.952727 0.635703 0.081818 0.072698
0 0.985000 0.539580 0.030000 0.119548
0 0.960000 0.551696 0.029091 0.101777
0 0.710909 0.649435 0.061818 0.051696
0 0.770455 0.638934 0.031818 0.059774
0 0.705909 0.703554 0.037273 0.037157
0 0.756364 0.783522 0.029091 0.048465
