0 0.722308 0.296448 0.035385 0.275956
0 0.679231 0.566940 0.056923 0.297814
0 0.731538 0.521858 0.016923 0.071038
0 0.622308 0.605191 0.026154 0.062842
0 0.561538 0.530055 0.030769 0.054645
0 0.413846 0.603825 0.027692 0.049180
0 0.599231 0.150273 0.026154 0.092896
0 0.634615 0.172131 0.041538 0.060109
0 0.555385 0.322404 0.033846 0.076503
0 0.560769 0.430328 0.016923 0.051913
0 0.576154 0.666667 0.020000 0.038251
0 0.603846 0.674863 0.007692 0.021858
0 0.564615 0.744536 0.009231 0.024590
0 0.564615 0.781421 0.015385 0.021858
0 0.525385 0.775956 0.016923 0.027322
0 0.526154 0.704918 0.009231 0.021858
0 0.539231 0.624317 0.029231 0.035519
0 0.564615 0.635246 0.015385 0.024590
0 0.583077 0.569672 0.030769 0.046448
0 0.625385 0.687158 0.016923 0.040984
0 0.716923 0.569672 0.021538 0.275956
0 0.640000 0.459016 0.033846 0.076503
0 0.536923 0.211749 0.015385 0.024590
0 0.619231 0.117486 0.013846 0.027322
0 0.669231 0.122951 0.015385 0.038251
0 0.676154 0.340164 0.029231 0.068306
0 0.672308 0.422131 0.018462 0.051913
