0 0.553427 0.254217 0.102823 0.219277
0 0.677419 0.320482 0.090726 0.101205
0 0.597278 0.427711 0.089718 0.137349
0 0.563004 0.557831 0.067540 0.146988
0 0.542339 0.778313 0.151210 0.240964
0 0.428427 0.819277 0.125000 0.183133
0 0.433972 0.915663 0.325605 0.168675
0 0.711694 0.206024 0.066532 0.190361
0 0.689516 0.372289 0.084677 0.132530
0 0.651714 0.469880 0.033266 0.101205
0 0.614919 0.579518 0.076613 0.122892
0 0.885081 0.096386 0.066532 0.062651
0 0.870464 0.210843 0.043347 0.156627
0 0.931452 0.160241 0.052419 0.228916
0 0.852319 0.372289 0.055444 0.142169
