0 0.276302 0.743056 0.061979 0.189815
0 0.335417 0.634722 0.051042 0.086111
0 0.367969 0.590741 0.025521 0.079630
0 0.388802 0.524537 0.034896 0.106481
0 0.446615 0.520370 0.025521 0.053704
0 0.497135 0.481019 0.040104 0.099074
0 0.529948 0.390741 0.030729 0.059259
0 0.520833 0.592130 0.036458 0.052778
0 0.544271 0.699537 0.025000 0.058333
0 0.588281 0.670370 0.023438 0.068519
0 0.805729 0.365741 0.028125 0.044444
0 0.358073 0.350926 0.049479 0.085185
0 0.413802 0.337963 0.039062 0.100000
0 0.464583 0.296296 0.041667 0.101852
0 0.510417 0.290278 0.030208 0.062037
0 0.529687 0.218056 0.088542 0.128704
0 0.599740 0.218056 0.025521 0.056481
0 0.635677 0.180093 0.031771 0.052778
0 0.686719 0.136574 0.026562 0.052778
0 0.791927 0.114815 0.164062 0.053704
0 0.819271 0.049537 0.079167 0.062037
0 0.948177 0.094444 0.072396 0.066667
0 0.275000 0.927778 0.050000 0.094444
0 0.029167 0.504167 0.052083 0.093519
