0 0.295943 0.084402 0.064439 0.117521
0 0.119332 0.675214 0.076372 0.123932
0 0.057279 0.693376 0.052506 0.070513
0 0.284606 0.334402 0.053699 0.181624
0 0.279833 0.550214 0.120525 0.241453
0 0.529236 0.793803 0.573986 0.224359
0 0.481504 0.636752 0.301909 0.123932
0 0.556086 0.521368 0.114558 0.094017
0 0.568616 0.415598 0.113365 0.121795
0 0.598449 0.292735 0.099045 0.098291
0 0.652745 0.235043 0.126492 0.119658
0 0.554296 0.344017 0.041766 0.042735
0 0.754773 0.434829 0.039379 0.228632
0 0.727924 0.436966 0.026253 0.134615
0 0.815036 0.560897 0.147971 0.173077
0 0.772673 0.653846 0.115752 0.141026
0 0.700477 0.669872 0.052506 0.061966
0 0.871122 0.939103 0.124105 0.096154
0 0.951074 0.819444 0.038186 0.079060
0 0.866348 0.901709 0.047733 0.106838
0 0.232697 0.701923 0.045346 0.066239
0 0.458831 0.697650 0.309069 0.091880
