0 0.346667 0.651104 0.073333 0.432937
0 0.438333 0.733447 0.072222 0.298812
0 0.493333 0.532258 0.073333 0.185059
0 0.555556 0.771647 0.048889 0.174873
0 0.324444 0.152801 0.028889 0.074703
0 0.383889 0.129881 0.018889 0.062818
0 0.457222 0.157895 0.027778 0.142615
0 0.423333 0.162139 0.075556 0.127334
0 0.307222 0.176570 0.167778 0.162988
0 0.291111 0.785229 0.193333 0.134126
0 0.298889 0.620543 0.106667 0.144312
0 0.311667 0.415110 0.045556 0.079796
0 0.670000 0.847199 0.040000 0.105263
0 0.681111 0.646010 0.066667 0.039049
0 0.619444 0.724109 0.052222 0.083192
0 0.612222 0.870119 0.028889 0.076401
0 0.573333 0.576401 0.017778 0.140917
0 0.616111 0.445671 0.074444 0.049236
0 0.504444 0.595925 0.040000 0.084890
