0 0.111111 0.497423 0.086086 0.981100
0 0.222222 0.458763 0.094094 0.099656
0 0.144645 0.740550 0.181181 0.484536
0 0.033534 0.779210 0.047047 0.396907
0 0.048549 0.267182 0.051051 0.211340
0 0.415916 0.502577 0.065065 0.139175
0 0.465966 0.752577 0.107107 0.326460
0 0.573073 0.195017 0.063063 0.152921
0 0.615115 0.250000 0.061061 0.152921
0 0.656657 0.361684 0.052052 0.242268
0 0.666667 0.462199 0.094094 0.254296
0 0.694695 0.611684 0.086086 0.171821
0 0.584084 0.725086 0.141141 0.381443
0 0.734234 0.750000 0.089089 0.335052
0 0.722222 0.833333 0.183183 0.213058
