0 0.430000 0.757191 0.216190 0.137056
0 0.483810 0.860406 0.114286 0.069374
0 0.558571 0.895939 0.080952 0.076142
0 0.619524 0.934010 0.075238 0.077834
0 0.791905 0.978003 0.040952 0.030457
0 0.830476 0.860406 0.022857 0.042301
0 0.583810 0.280880 0.133333 0.230118
0 0.534286 0.527073 0.140952 0.130288
0 0.582381 0.431472 0.130476 0.111675
0 0.738571 0.334179 0.061905 0.103215
0 0.648571 0.110829 0.123810 0.184433
0 0.684286 0.403553 0.061905 0.231810
0 0.574286 0.151438 0.062857 0.079526
0 0.423810 0.662437 0.059048 0.045685
0 0.580476 0.750423 0.020000 0.086294
0 0.283333 0.800338 0.044762 0.033841
0 0.375238 0.839255 0.057143 0.040609
