0 0.068815 0.666487 0.128531 0.193427
0 0.025972 0.784617 0.028815 0.036907
0 0.041706 0.782193 0.028057 0.007812
0 0.052607 0.792161 0.049858 0.026131
0 0.120000 0.794181 0.084929 0.022091
0 0.152986 0.734240 0.018957 0.097791
0 0.124550 0.676859 0.037915 0.016972
0 0.056493 0.425512 0.109573 0.433998
0 0.271374 0.357220 0.539336 0.297414
0 0.657251 0.522360 0.232417 0.032866
0 0.664929 0.390086 0.217062 0.297414
0 0.489668 0.377155 0.133460 0.271552
0 0.401232 0.576778 0.043412 0.127694
0 0.428341 0.674973 0.097630 0.068696
0 0.453270 0.603583 0.047773 0.211476
0 0.481327 0.569639 0.103886 0.143588
0 0.434597 0.694370 0.197346 0.105873
0 0.578483 0.631061 0.485118 0.232489
0 0.870616 0.653960 0.099147 0.278287
0 0.808152 0.716325 0.224076 0.153556
0 0.787014 0.748249 0.181801 0.217403
0 0.916209 0.775189 0.076588 0.163524
0 0.977251 0.611530 0.045498 0.163793
