0 0.425781 0.287891 0.125000 0.074219
0 0.719922 0.346875 0.124219 0.075000
0 0.839453 0.419922 0.157031 0.100781
0 0.939844 0.467187 0.120313 0.064062
0 0.937891 0.669531 0.111719 0.059375
0 0.717187 0.781250 0.129688 0.078125
0 0.805078 0.767578 0.088281 0.085156
0 0.485156 0.730469 0.198437 0.082812
0 0.167578 0.602734 0.046094 0.083594
0 0.203516 0.464453 0.063281 0.038281
0 0.541797 0.598437 0.078906 0.050000
0 0.543750 0.907031 0.067187 0.043750
0 0.664062 0.465234 0.135937 0.096094
0 0.428125 0.213281 0.078125 0.093750
0 0.269531 0.256250 0.201563 0.100000
