0 0.153118 0.448645 0.283964 0.594864
0 0.339644 0.660485 0.369710 0.342368
0 0.528396 0.821683 0.181514 0.253923
0 0.631403 0.904422 0.124722 0.188302
0 0.849109 0.920114 0.163697 0.145506
0 0.819599 0.805278 0.086860 0.109843
0 0.708797 0.682596 0.139198 0.149786
0 0.750000 0.572753 0.036748 0.055635
0 0.842428 0.581312 0.045657 0.052782
0 0.760579 0.495007 0.216036 0.099857
0 0.781180 0.416548 0.030067 0.074180
0 0.693764 0.358773 0.035635 0.055635
0 0.355234 0.373752 0.097996 0.148359
0 0.508352 0.460057 0.063474 0.069900
0 0.532294 0.960770 0.071269 0.052782
0 0.717706 0.912268 0.121381 0.175464
