0 0.182143 0.747619 0.127143 0.089524
0 0.273571 0.741905 0.141429 0.139048
0 0.422143 0.730476 0.207143 0.184762
0 0.571429 0.897143 0.022857 0.068571
0 0.619286 0.900952 0.027143 0.064762
0 0.665714 0.907619 0.034286 0.066667
0 0.716429 0.900952 0.027143 0.072381
0 0.763571 0.903810 0.030000 0.066667
0 0.812857 0.905714 0.031429 0.070476
0 0.859286 0.903810 0.032857 0.070476
0 0.452857 0.525714 0.145714 0.171429
0 0.597143 0.674286 0.108571 0.194286
0 0.740000 0.676190 0.128571 0.171429
0 0.650714 0.469524 0.227143 0.142857
0 0.435714 0.325714 0.128571 0.148571
0 0.617857 0.323810 0.198571 0.110476
0 0.810714 0.483810 0.087143 0.232381
0 0.626429 0.495238 0.555714 0.579048
