0 0.021000 0.252994 0.038000 0.452096
0 0.047000 0.410180 0.062000 0.125749
0 0.109000 0.324850 0.050000 0.050898
0 0.142000 0.444611 0.040000 0.056886
0 0.101000 0.187126 0.130000 0.206587
0 0.204000 0.158683 0.180000 0.245509
0 0.274000 0.537425 0.092000 0.565868
0 0.217000 0.019461 0.174000 0.032934
0 0.511000 0.218563 0.366000 0.413174
0 0.406000 0.537425 0.092000 0.212575
0 0.579000 0.715569 0.118000 0.568862
0 0.495000 0.462575 0.122000 0.080838
0 0.686000 0.540419 0.088000 0.062874
0 0.673000 0.473054 0.046000 0.053892
0 0.766000 0.408683 0.036000 0.056886
0 0.748000 0.333832 0.048000 0.074850
0 0.839000 0.553892 0.018000 0.029940
0 0.896000 0.612275 0.036000 0.044910
0 0.959000 0.561377 0.046000 0.050898
0 0.981000 0.663174 0.038000 0.038922
0 0.989000 0.767964 0.022000 0.068862
0 0.821000 0.750000 0.046000 0.074850
0 0.832000 0.887725 0.052000 0.122754
0 0.864000 0.917665 0.024000 0.122754
0 0.884000 0.875749 0.012000 0.038922
0 0.936000 0.904192 0.036000 0.095808
0 0.765000 0.964072 0.042000 0.059880
0 0.800000 0.944611 0.032000 0.038922
0 0.768000 0.881737 0.040000 0.080838
0 0.703000 0.884731 0.042000 0.032934
0 0.710000 0.961078 0.040000 0.065868
0 0.691000 0.738024 0.022000 0.044910
0 0.694000 0.809880 0.048000 0.074850
0 0.760000 0.812874 0.044000 0.050898
0 0.750000 0.699102 0.024000 0.056886
0 0.812000 0.657186 0.040000 0.074850
0 0.814000 0.562874 0.032000 0.065868
0 0.950000 0.979042 0.056000 0.041916
0 0.643000 0.952096 0.046000 0.083832
0 0.448000 0.923653 0.040000 0.038922
0 0.419000 0.844311 0.054000 0.047904
0 0.467000 0.788922 0.030000 0.110778
0 0.364000 0.730539 0.056000 0.089820
0 0.526000 0.646707 0.052000 0.059880
