0 0.104388 0.906619 0.171543 0.063830
0 0.218085 0.890071 0.138298 0.115839
0 0.249335 0.721040 0.091755 0.226950
0 0.223404 0.509456 0.042553 0.182033
0 0.197473 0.643026 0.022606 0.364066
0 0.392952 0.815603 0.219415 0.245863
0 0.514628 0.834515 0.146277 0.283688
0 0.613032 0.797872 0.167553 0.243499
0 0.478723 0.583924 0.082447 0.156028
0 0.539229 0.612293 0.062500 0.099291
0 0.468085 0.665485 0.087766 0.082742
0 0.325798 0.269504 0.045213 0.099291
0 0.378324 0.271868 0.017287 0.028369
0 0.401596 0.234043 0.021277 0.056738
0 0.424202 0.213948 0.029255 0.035461
0 0.200133 0.361702 0.025266 0.089835
0 0.855053 0.430260 0.037234 0.137116
0 0.855053 0.587470 0.045213 0.196217
0 0.853059 0.774232 0.025266 0.144208
0 0.724734 0.743499 0.066489 0.182033
0 0.746676 0.893617 0.083777 0.052009
0 0.736037 0.390071 0.033245 0.066194
0 0.585106 0.342790 0.026596 0.047281
0 0.601064 0.534279 0.015957 0.236407
0 0.646277 0.594563 0.037234 0.068558
0 0.618351 0.600473 0.029255 0.028369
0 0.737367 0.088652 0.073138 0.134752
0 0.837101 0.126478 0.022606 0.044917
0 0.845745 0.301418 0.045213 0.111111
0 0.929521 0.328605 0.082447 0.070922
0 0.940824 0.262411 0.065160 0.080378
0 0.928856 0.592199 0.038564 0.125296
0 0.936835 0.723404 0.043883 0.094563
0 0.912234 0.715130 0.013298 0.078014
0 0.924867 0.854610 0.019947 0.054374
0 0.492021 0.173759 0.026596 0.106383
