0 0.029297 0.715820 0.029948 0.056641
0 0.061849 0.734375 0.050781 0.031250
0 0.072917 0.684570 0.028646 0.052734
0 0.101562 0.636719 0.023438 0.042969
0 0.151693 0.644531 0.032552 0.039062
0 0.227865 0.639648 0.026042 0.037109
0 0.266276 0.644531 0.074219 0.089844
0 0.315104 0.703125 0.046875 0.046875
0 0.370443 0.673828 0.019531 0.027344
0 0.397135 0.673828 0.026042 0.023438
0 0.434896 0.667969 0.023438 0.027344
0 0.375651 0.733398 0.040365 0.044922
0 0.382812 0.821289 0.013021 0.017578
0 0.370443 0.808594 0.024740 0.046875
0 0.319010 0.871094 0.023438 0.031250
0 0.285807 0.941406 0.040365 0.035156
0 0.188802 0.946289 0.036458 0.021484
0 0.486328 0.772461 0.050781 0.044922
0 0.540365 0.774414 0.023438 0.021484
0 0.596354 0.757812 0.033854 0.027344
0 0.641276 0.745117 0.040365 0.021484
0 0.719401 0.731445 0.042969 0.025391
0 0.625651 0.625977 0.048177 0.048828
0 0.654297 0.636719 0.027344 0.035156
0 0.660156 0.680664 0.036458 0.025391
0 0.779948 0.661133 0.028646 0.029297
0 0.761068 0.680664 0.040365 0.021484
0 0.843750 0.620117 0.052083 0.044922
0 0.878906 0.583984 0.085938 0.089844
0 0.710286 0.582031 0.027344 0.046875
0 0.762370 0.602539 0.032552 0.037109
0 0.597656 0.536133 0.020833 0.041016
0 0.462891 0.576172 0.029948 0.027344
0 0.466797 0.635742 0.019531 0.068359
0 0.274089 0.478516 0.040365 0.027344
0 0.352214 0.507812 0.040365 0.031250
0 0.400391 0.552734 0.035156 0.023438
0 0.143880 0.507812 0.040365 0.023438
0 0.050130 0.533203 0.016927 0.015625
0 0.216797 0.564453 0.024740 0.031250
0 0.144531 0.423828 0.015625 0.027344
0 0.205729 0.475586 0.039062 0.037109
0 0.348307 0.664062 0.009115 0.019531
