0 0.024316 0.817076 0.038870 0.121600
0 0.077915 0.904158 0.037650 0.060408
0 0.109465 0.762945 0.036256 0.045241
0 0.155656 0.828713 0.034861 0.030335
0 0.237493 0.937892 0.046889 0.073483
0 0.160014 0.943907 0.054384 0.045241
0 0.303120 0.903112 0.042880 0.060408
0 0.356458 0.899582 0.023357 0.037134
0 0.390361 0.922725 0.022834 0.031119
0 0.371884 0.984310 0.031550 0.031381
0 0.319592 0.972019 0.040962 0.039226
0 0.371274 0.768959 0.062402 0.135722
0 0.438557 0.787918 0.018825 0.041318
0 0.460694 0.848849 0.053687 0.078452
0 0.525100 0.765298 0.119400 0.114801
0 0.544187 0.831721 0.040788 0.062500
0 0.543228 0.888075 0.030852 0.050209
0 0.644762 0.875000 0.024752 0.038180
0 0.667161 0.835251 0.022834 0.045502
0 0.743681 0.755361 0.040265 0.060408
0 0.777846 0.706459 0.062925 0.059362
0 0.795189 0.648143 0.052292 0.041056
0 0.815060 0.611925 0.078438 0.065377
0 0.918250 0.487709 0.051595 0.088389
0 0.969496 0.487709 0.052292 0.118724
0 0.954419 0.400235 0.048980 0.084467
0 0.890448 0.251831 0.041659 0.039226
0 0.915984 0.342835 0.036256 0.038180
0 0.966882 0.361009 0.041485 0.068253
0 0.815060 0.061323 0.026146 0.034257
0 0.256231 0.242809 0.037650 0.041056
