0 0.095000 0.685000 0.110000 0.113333
0 0.108125 0.544167 0.053750 0.131667
0 0.215000 0.674167 0.112500 0.108333
0 0.325625 0.721667 0.111250 0.043333
0 0.385625 0.528333 0.081250 0.183333
0 0.438125 0.305833 0.081250 0.338333
0 0.642500 0.507500 0.065000 0.075000
0 0.526875 0.710833 0.213750 0.035000
0 0.748750 0.666667 0.195000 0.090000
0 0.773750 0.566667 0.130000 0.130000
0 0.838125 0.301667 0.021250 0.423333
0 0.745000 0.365833 0.122500 0.125000
0 0.948750 0.530833 0.050000 0.358333
0 0.968125 0.421667 0.053750 0.323333
0 0.731250 0.840833 0.185000 0.235000
0 0.853750 0.844167 0.087500 0.248333
0 0.942500 0.869167 0.092500 0.211667
0 0.981875 0.790000 0.036250 0.096667
0 0.546250 0.888333 0.220000 0.170000
0 0.353125 0.901667 0.121250 0.113333
0 0.231250 0.915833 0.112500 0.081667
0 0.101875 0.876667 0.151250 0.123333
0 0.176875 0.853333 0.073750 0.090000
0 0.283750 0.815000 0.055000 0.036667
0 0.275000 0.798333 0.062500 0.050000
0 0.520000 0.770833 0.032500 0.041667
0 0.602500 0.763333 0.025000 0.086667
