0 0.149000 0.620690 0.054000 0.244514
0 0.196000 0.768025 0.060000 0.050157
0 0.257000 0.824451 0.046000 0.062696
0 0.314000 0.810345 0.032000 0.072100
0 0.590000 0.938871 0.048000 0.047022
0 0.726000 0.833856 0.084000 0.062696
0 0.830000 0.866771 0.056000 0.078370
0 0.494000 0.547022 0.136000 0.153605
0 0.591000 0.600313 0.034000 0.084639
0 0.604000 0.462382 0.072000 0.122257
0 0.665000 0.221003 0.102000 0.166144
0 0.770000 0.390282 0.188000 0.216301
0 0.841000 0.305643 0.086000 0.115987
0 0.881000 0.468652 0.038000 0.235110
0 0.390000 0.510972 0.080000 0.075235
