0 0.122396 0.811523 0.101562 0.029297
0 0.115234 0.833008 0.097656 0.033203
0 0.018229 0.810547 0.020833 0.011719
0 0.083984 0.751953 0.040365 0.089844
0 0.168620 0.765625 0.069010 0.042969
0 0.193359 0.725586 0.029948 0.048828
0 0.255208 0.537109 0.018229 0.042969
0 0.248698 0.606445 0.023438 0.064453
0 0.244792 0.677734 0.010417 0.046875
0 0.237630 0.732422 0.009115 0.046875
0 0.235026 0.786133 0.024740 0.044922
0 0.276042 0.796875 0.059896 0.039062
0 0.309245 0.742188 0.074219 0.105469
0 0.340495 0.793945 0.076823 0.056641
0 0.395833 0.675781 0.039062 0.050781
0 0.394531 0.584961 0.039062 0.052734
0 0.393229 0.628906 0.054688 0.054688
0 0.336589 0.549805 0.022135 0.052734
0 0.336589 0.610352 0.032552 0.044922
0 0.330729 0.654297 0.033854 0.046875
0 0.322917 0.689453 0.057292 0.031250
0 0.457031 0.786133 0.132812 0.072266
0 0.514974 0.815430 0.154948 0.068359
0 0.495443 0.734375 0.123698 0.085938
0 0.467448 0.658203 0.057292 0.082031
0 0.352214 0.747070 0.042969 0.041016
0 0.690755 0.708984 0.037760 0.050781
0 0.697266 0.753906 0.053385 0.039062
0 0.730469 0.786133 0.049479 0.029297
0 0.704427 0.814453 0.096354 0.035156
0 0.729818 0.842773 0.141927 0.033203
0 0.794922 0.824219 0.032552 0.031250
0 0.841797 0.830078 0.032552 0.042969
0 0.785156 0.785156 0.026042 0.050781
0 0.751953 0.750000 0.050781 0.039062
0 0.760417 0.708008 0.039062 0.029297
0 0.876302 0.841797 0.015625 0.023438
0 0.623047 0.381836 0.027344 0.033203
0 0.650391 0.316406 0.029948 0.039062
0 0.530599 0.617188 0.055990 0.070312
0 0.123047 0.758789 0.024740 0.060547
0 0.014974 0.765625 0.027344 0.050781
0 0.042318 0.757812 0.019531 0.050781
