0 0.506000 0.653915 0.140000 0.044484
0 0.693500 0.736655 0.169000 0.153025
0 0.721500 0.831851 0.121000 0.090747
0 0.732000 0.927936 0.356000 0.144128
0 0.958000 0.875445 0.084000 0.163701
0 0.875000 0.794484 0.082000 0.080071
0 0.175500 0.770463 0.041000 0.056940
0 0.177000 0.811388 0.034000 0.028470
0 0.284500 0.771352 0.045000 0.048043
0 0.329000 0.798932 0.008000 0.032028
0 0.275000 0.818505 0.020000 0.032028
0 0.262000 0.863879 0.030000 0.051601
0 0.278500 0.927046 0.039000 0.017794
0 0.350000 0.896797 0.036000 0.021352
0 0.409000 0.865658 0.012000 0.001779
0 0.457500 0.854093 0.011000 0.014235
0 0.484000 0.846085 0.006000 0.016014
