0 0.500000 0.293262 0.959641 0.255743
0 0.505605 0.087289 0.975336 0.162328
0 0.713004 0.574273 0.452915 0.140888
0 0.862108 0.752680 0.244395 0.197550
0 0.586323 0.806279 0.132287 0.111792
0 0.400224 0.823124 0.060538 0.084227
0 0.246637 0.814701 0.085202 0.079632
0 0.417040 0.595712 0.044843 0.183767
0 0.355381 0.593415 0.038117 0.179173
0 0.303812 0.595712 0.042601 0.183767
0 0.263453 0.594946 0.029148 0.185299
0 0.200673 0.598775 0.132287 0.189893
0 0.045964 0.568147 0.078475 0.269525
0 0.090807 0.630934 0.069507 0.205207
0 0.088565 0.809342 0.136771 0.090352
