0 0.043889 0.638333 0.076667 0.170000
0 0.121111 0.663333 0.064444 0.143333
0 0.201667 0.674167 0.065556 0.068333
0 0.267778 0.717500 0.077778 0.185000
0 0.396667 0.745833 0.064444 0.258333
0 0.470000 0.636667 0.100000 0.086667
0 0.478333 0.530833 0.152222 0.111667
0 0.511667 0.365833 0.090000 0.181667
0 0.649444 0.421667 0.050000 0.116667
0 0.745556 0.346667 0.164444 0.170000
0 0.855556 0.491667 0.186667 0.173333
0 0.856667 0.380000 0.122222 0.073333
0 0.826667 0.620833 0.073333 0.068333
0 0.792222 0.685000 0.064444 0.046667
0 0.598333 0.648333 0.036667 0.040000
0 0.618333 0.708333 0.036667 0.066667
0 0.382778 0.817500 0.078889 0.081667
0 0.545556 0.817500 0.017778 0.031667
0 0.523889 0.756667 0.030000 0.043333
0 0.097778 0.858333 0.033333 0.050000
