0 0.286667 0.084367 0.068333 0.057072
0 0.341667 0.170596 0.093333 0.132754
0 0.361667 0.272333 0.038333 0.073201
0 0.454167 0.264268 0.096667 0.066998
0 0.467500 0.308313 0.061667 0.033499
0 0.492917 0.181762 0.065833 0.115385
0 0.433333 0.186104 0.093333 0.054591
0 0.580417 0.248759 0.065833 0.085608
0 0.549167 0.175558 0.081667 0.102978
0 0.657500 0.314516 0.073333 0.090571
0 0.721667 0.334367 0.048333 0.040943
0 0.769583 0.352357 0.047500 0.081886
0 0.957500 0.340571 0.081667 0.075682
0 0.714167 0.049628 0.060000 0.049628
