0 0.494141 0.689583 0.071094 0.140278
0 0.537500 0.720833 0.025000 0.055556
0 0.583594 0.700694 0.015625 0.051389
0 0.655469 0.658333 0.128125 0.075000
0 0.717187 0.606250 0.065625 0.123611
0 0.682031 0.612500 0.057813 0.047222
0 0.515234 0.587500 0.038281 0.055556
0 0.360156 0.695833 0.032813 0.141667
0 0.393359 0.922222 0.016406 0.055556
0 0.254297 0.897222 0.057031 0.055556
0 0.115625 0.856250 0.031250 0.043056
0 0.172266 0.886806 0.055469 0.020833
0 0.124219 0.798611 0.037500 0.052778
0 0.042188 0.780556 0.056250 0.061111
0 0.102344 0.706250 0.029687 0.062500
0 0.140625 0.676389 0.017188 0.036111
0 0.209766 0.665972 0.035156 0.048611
0 0.301172 0.638889 0.027344 0.038889
0 0.302344 0.731250 0.078125 0.076389
