0 0.158203 0.436198 0.080078 0.231771
0 0.112061 0.630208 0.058105 0.137153
0 0.016113 0.608941 0.031250 0.240451
0 0.097656 0.928819 0.037109 0.045139
0 0.244629 0.853299 0.072266 0.237847
0 0.169678 0.155816 0.173340 0.230035
0 0.315186 0.214844 0.087402 0.197049
0 0.430908 0.260851 0.161621 0.151910
0 0.489502 0.409722 0.107910 0.229167
0 0.523193 0.765625 0.064941 0.234375
0 0.462402 0.789931 0.053711 0.031250
0 0.445068 0.847222 0.020996 0.062500
0 0.476074 0.843750 0.032227 0.050347
0 0.374268 0.714844 0.033691 0.346354
0 0.397705 0.698351 0.039551 0.342882
0 0.317627 0.585938 0.070801 0.213542
0 0.321289 0.382812 0.059570 0.138889
0 0.668945 0.197483 0.070312 0.138021
0 0.724854 0.286024 0.063965 0.089410
0 0.807129 0.297309 0.099609 0.165799
0 0.839844 0.185330 0.055664 0.103299
0 0.825684 0.421875 0.049805 0.060764
0 0.849854 0.513021 0.051270 0.118056
0 0.815674 0.618924 0.040527 0.086806
0 0.777588 0.723958 0.062012 0.046875
0 0.767822 0.757812 0.125488 0.046875
0 0.809326 0.825087 0.078613 0.061632
0 0.760254 0.855469 0.053711 0.040799
0 0.817871 0.891059 0.065430 0.066840
0 0.848389 0.886285 0.034668 0.046875
0 0.894531 0.887153 0.025391 0.045139
0 0.891846 0.941840 0.035645 0.045139
0 0.941162 0.851562 0.012207 0.059028
0 0.979004 0.927083 0.030273 0.027778
0 0.938721 0.808594 0.043457 0.047743
0 0.893799 0.787760 0.031738 0.046007
0 0.604004 0.771267 0.061523 0.283854
0 0.656250 0.853733 0.030273 0.117188
