0 0.123000 0.881667 0.098000 0.060000
0 0.093500 0.938333 0.035000 0.043333
0 0.194500 0.820833 0.071000 0.088333
0 0.314000 0.774167 0.086000 0.138333
0 0.246000 0.784167 0.086000 0.121667
0 0.118500 0.905833 0.033000 0.055000
0 0.473500 0.654167 0.215000 0.215000
0 0.455000 0.556667 0.082000 0.086667
0 0.465000 0.437500 0.102000 0.135000
0 0.392000 0.786667 0.086000 0.040000
0 0.311000 0.892500 0.046000 0.041667
0 0.554000 0.966667 0.026000 0.043333
0 0.656500 0.625833 0.033000 0.058333
0 0.780500 0.645833 0.145000 0.195000
0 0.896500 0.655833 0.075000 0.248333
0 0.968000 0.620000 0.048000 0.286667
0 0.915000 0.828333 0.086000 0.156667
0 0.786000 0.517500 0.074000 0.118333
0 0.752000 0.795000 0.034000 0.076667
0 0.678500 0.865833 0.025000 0.038333
