0 0.394458 0.310338 0.277645 0.306471
0 0.477990 0.155067 0.223548 0.195360
0 0.715593 0.233008 0.120658 0.080179
0 0.780695 0.566748 0.087510 0.190069
0 0.577698 0.853683 0.118006 0.164021
0 0.678865 0.861213 0.088040 0.065120
0 0.956908 0.893366 0.059666 0.090354
0 0.938345 0.935694 0.062318 0.048840
0 0.950676 0.695564 0.093344 0.337810
0 0.772607 0.932031 0.059666 0.074074
0 0.713736 0.967643 0.038451 0.037851
0 0.464996 0.935490 0.115354 0.091575
0 0.477725 0.520350 0.051710 0.071225
0 0.651021 0.336182 0.058870 0.134310
0 0.628746 0.176435 0.039777 0.156695
0 0.557544 0.356125 0.051180 0.053724
0 0.252586 0.344933 0.110581 0.161579
0 0.626094 0.751323 0.045081 0.052910
