0 0.105224 0.435556 0.168657 0.182222
0 0.179104 0.414444 0.152239 0.282222
0 0.261194 0.388889 0.161194 0.453333
0 0.338806 0.340000 0.208955 0.497778
0 0.499254 0.402222 0.105970 0.315556
0 0.547015 0.350000 0.094030 0.348889
0 0.599254 0.287778 0.105970 0.304444
0 0.523134 0.160000 0.043284 0.031111
0 0.481343 0.217778 0.028358 0.040000
0 0.688806 0.338889 0.129851 0.184444
0 0.713433 0.478889 0.089552 0.086667
0 0.747015 0.202222 0.082090 0.080000
0 0.674627 0.222222 0.071642 0.044444
0 0.780597 0.126667 0.089552 0.080000
0 0.794030 0.064444 0.035821 0.080000
0 0.801493 0.351111 0.092537 0.200000
0 0.845522 0.558889 0.138806 0.193333
0 0.964179 0.301111 0.053731 0.206667
0 0.944776 0.548889 0.101493 0.275556
0 0.868657 0.701111 0.062687 0.091111
0 0.833582 0.826667 0.058209 0.053333
0 0.198507 0.125556 0.044776 0.068889
0 0.143284 0.248889 0.071642 0.057778
0 0.094776 0.327778 0.028358 0.028889
0 0.627612 0.057778 0.034328 0.071111
0 0.564925 0.114444 0.025373 0.033333
