0 0.036000 0.820000 0.056000 0.120000
0 0.038667 0.754000 0.040000 0.048000
0 0.072000 0.866000 0.021333 0.060000
0 0.096000 0.913000 0.026667 0.026000
0 0.124000 0.909000 0.026667 0.030000
0 0.152000 0.897000 0.029333 0.034000
0 0.280667 0.940000 0.038667 0.048000
0 0.239333 0.888000 0.060000 0.044000
0 0.286000 0.886000 0.025333 0.028000
0 0.244000 0.814000 0.048000 0.072000
0 0.285333 0.807000 0.026667 0.086000
0 0.338000 0.800000 0.052000 0.096000
0 0.404667 0.775000 0.009333 0.054000
0 0.453333 0.753000 0.053333 0.030000
0 0.502667 0.796000 0.088000 0.084000
0 0.482667 0.565000 0.026667 0.082000
0 0.499333 0.680000 0.046667 0.080000
0 0.495333 0.886000 0.044000 0.092000
0 0.541333 0.887000 0.042667 0.098000
0 0.575333 0.913000 0.030667 0.110000
0 0.617333 0.889000 0.037333 0.066000
0 0.711333 0.890000 0.041333 0.076000
0 0.753333 0.949000 0.048000 0.054000
0 0.845333 0.864000 0.032000 0.056000
0 0.682000 0.795000 0.094667 0.122000
0 0.604000 0.798000 0.080000 0.120000
0 0.656667 0.705000 0.116000 0.082000
0 0.067333 0.683000 0.046667 0.050000
0 0.802667 0.812000 0.024000 0.028000
0 0.840000 0.813000 0.026667 0.026000
0 0.892667 0.807000 0.022667 0.022000
0 0.914667 0.829000 0.024000 0.042000
0 0.880000 0.748000 0.034667 0.044000
0 0.824667 0.757000 0.052000 0.058000
0 0.797333 0.721000 0.024000 0.038000
0 0.749333 0.717000 0.048000 0.090000
