0 0.341715 0.303060 0.154134 0.199436
0 0.485107 0.380534 0.101400 0.139540
0 0.506836 0.536675 0.129557 0.149740
0 0.349854 0.554253 0.190592 0.271701
0 0.408773 0.697266 0.255697 0.206597
0 0.603271 0.846571 0.251139 0.187066
0 0.653646 0.630751 0.089844 0.207682
0 0.583089 0.709201 0.127116 0.137587
0 0.305664 0.858507 0.089844 0.095052
0 0.232503 0.958225 0.072103 0.058811
0 0.075114 0.424479 0.138835 0.274740
0 0.143717 0.207465 0.075846 0.279080
0 0.172770 0.082465 0.050293 0.109375
0 0.347900 0.132053 0.109212 0.113498
0 0.836589 0.729384 0.156576 0.396701
0 0.910238 0.786675 0.172038 0.323351
0 0.924967 0.507704 0.052734 0.098307
