0 0.029375 0.438889 0.023750 0.095556
0 0.178750 0.411111 0.050000 0.151111
0 0.211250 0.516667 0.062500 0.104444
0 0.128125 0.864444 0.051250 0.093333
0 0.191875 0.953333 0.018750 0.017778
0 0.447500 0.470000 0.037500 0.135556
0 0.496250 0.402222 0.062500 0.071111
0 0.529375 0.368889 0.023750 0.124444
0 0.565625 0.320000 0.013750 0.035556
0 0.638125 0.400000 0.061250 0.097778
0 0.688750 0.471111 0.030000 0.271111
0 0.782500 0.560000 0.065000 0.146667
0 0.860000 0.753333 0.037500 0.106667
0 0.883125 0.417778 0.036250 0.088889
0 0.971875 0.595556 0.028750 0.222222
0 0.944375 0.700000 0.021250 0.311111
0 0.970000 0.824444 0.025000 0.075556
0 0.783125 0.731111 0.028750 0.142222
0 0.760000 0.831111 0.017500 0.053333
0 0.662500 0.671111 0.022500 0.031111
0 0.511250 0.613333 0.022500 0.075556
0 0.442500 0.857778 0.012500 0.053333
0 0.788125 0.078889 0.033750 0.095556
