0 0.055742 0.655812 0.095447 0.149217
0 0.175246 0.685284 0.128557 0.087799
0 0.159984 0.620981 0.026643 0.058120
0 0.262416 0.650453 0.034920 0.030503
0 0.214692 0.537098 0.025867 0.018961
0 0.274315 0.526793 0.032333 0.030503
0 0.375841 0.665293 0.073461 0.051937
0 0.429514 0.684872 0.062856 0.054823
0 0.479953 0.640973 0.034920 0.041220
0 0.440895 0.595012 0.048370 0.038335
0 0.499871 0.740519 0.036472 0.028442
0 0.502845 0.726711 0.023797 0.022259
0 0.416322 0.790602 0.032333 0.027205
0 0.580445 0.771022 0.054320 0.051525
0 0.554578 0.807914 0.058458 0.056059
0 0.609933 0.802350 0.037765 0.027617
0 0.660631 0.784213 0.088981 0.038335
0 0.752199 0.811212 0.026384 0.019786
0 0.824754 0.793281 0.033885 0.032564
0 0.857346 0.775763 0.028712 0.033800
