0 0.367188 0.743402 0.085938 0.178886
0 0.469727 0.810850 0.107422 0.143695
0 0.547852 0.826979 0.044922 0.187683
0 0.659180 0.809384 0.017578 0.070381
0 0.735352 0.736070 0.029297 0.076246
0 0.770508 0.664223 0.072266 0.143695
0 0.828125 0.620235 0.039062 0.067449
0 0.946289 0.478006 0.080078 0.140762
0 0.916992 0.275660 0.072266 0.123167
0 0.974609 0.369501 0.035156 0.052786
0 0.243164 0.939883 0.029297 0.055718
0 0.141602 0.822581 0.041016 0.038123
0 0.017578 0.843109 0.027344 0.137830
0 0.263672 0.244868 0.035156 0.067449
0 0.125000 0.634897 0.023438 0.038123
0 0.101562 0.752199 0.023438 0.043988
0 0.318359 0.878299 0.085938 0.067449
