0 0.116667 0.548889 0.180000 0.155556
0 0.351667 0.560741 0.098889 0.140741
0 0.359444 0.388889 0.034444 0.188148
0 0.412778 0.517037 0.058889 0.106667
0 0.569444 0.559259 0.154444 0.117037
0 0.717222 0.602963 0.121111 0.127407
0 0.786111 0.504444 0.034444 0.164444
0 0.896111 0.602963 0.154444 0.082963
0 0.924444 0.542963 0.051111 0.066667
0 0.692222 0.695556 0.135556 0.078519
0 0.572778 0.905185 0.087778 0.127407
0 0.736111 0.915556 0.074444 0.136296
0 0.401111 0.935556 0.173333 0.078519
0 0.256111 0.771111 0.181111 0.040000
0 0.082222 0.962222 0.062222 0.063704
0 0.592222 0.722222 0.051111 0.057778
0 0.838333 0.923704 0.043333 0.066667
0 0.977222 0.864444 0.032222 0.060741
