0 0.270833 0.645041 0.079167 0.097318
0 0.328958 0.713350 0.047917 0.040549
0 0.317083 0.852152 0.042500 0.093575
0 0.289792 0.937617 0.039583 0.036182
0 0.056250 0.725203 0.031667 0.033063
0 0.104167 0.624454 0.041667 0.043668
0 0.151042 0.643481 0.033750 0.025577
0 0.266042 0.491578 0.044583 0.044916
0 0.373542 0.668746 0.019583 0.031192
0 0.400208 0.665315 0.022917 0.021834
0 0.429167 0.669682 0.023333 0.021834
0 0.479167 0.763880 0.039167 0.046787
0 0.544792 0.775109 0.027083 0.016843
0 0.603125 0.757642 0.029583 0.021834
0 0.648958 0.747661 0.012917 0.015596
0 0.146250 0.420462 0.009167 0.021210
0 0.146458 0.512789 0.059583 0.024953
0 0.605833 0.532439 0.028333 0.046787
0 0.831875 0.585465 0.073750 0.121647
0 0.885833 0.594198 0.065833 0.070493
0 0.770833 0.670930 0.040000 0.020586
0 0.763542 0.593575 0.041250 0.065502
0 0.625000 0.623206 0.014167 0.031192
0 0.620625 0.616032 0.031250 0.058016
0 0.653125 0.671241 0.010417 0.037430
0 0.673958 0.689333 0.018750 0.044916
0 0.382292 0.743294 0.025417 0.030568
0 0.369167 0.828135 0.034167 0.039301
0 0.383542 0.802558 0.031250 0.025577
0 0.096458 0.707424 0.034583 0.031192
0 0.062083 0.665939 0.017500 0.045540
