0 0.347273 0.344911 0.109091 0.211632
0 0.321364 0.578352 0.046364 0.087237
0 0.434545 0.613086 0.030909 0.079160
0 0.487727 0.568659 0.048182 0.109855
0 0.584545 0.651858 0.027273 0.056543
0 0.627273 0.661551 0.021818 0.050081
0 0.694091 0.672052 0.073636 0.100162
0 0.698636 0.755250 0.057273 0.050081
0 0.703182 0.820679 0.077273 0.071082
0 0.615000 0.777868 0.024545 0.043619
0 0.631818 0.771405 0.012727 0.046850
0 0.617273 0.714055 0.018182 0.035541
0 0.642727 0.738288 0.023636 0.038772
0 0.698182 0.560582 0.021818 0.103393
0 0.740000 0.592084 0.049091 0.192246
0 0.743636 0.707593 0.014545 0.042003
0 0.762727 0.750404 0.003636 0.046850
0 0.897727 0.537964 0.195455 0.151858
0 0.855000 0.647819 0.100909 0.106624
0 0.930909 0.757674 0.043636 0.054927
0 0.948182 0.663974 0.025455 0.084006
0 0.960909 0.739903 0.036364 0.045234
