0 0.053456 0.724329 0.100432 0.105845
0 0.115011 0.828594 0.098272 0.134281
0 0.057235 0.952607 0.101512 0.094787
0 0.160367 0.671406 0.134989 0.148499
0 0.271598 0.612954 0.152268 0.151659
0 0.235961 0.522907 0.052916 0.107425
0 0.355292 0.706951 0.079914 0.118483
0 0.259719 0.699052 0.141469 0.080569
0 0.434125 0.571090 0.200864 0.150079
0 0.430886 0.692733 0.116631 0.109005
0 0.556156 0.708531 0.032397 0.033175
0 0.513499 0.758294 0.033477 0.053712
0 0.450864 0.423381 0.070194 0.113744
0 0.563715 0.536335 0.021598 0.080569
0 0.525378 0.543444 0.059395 0.129542
0 0.589093 0.633491 0.037797 0.041074
0 0.613391 0.588468 0.023758 0.039494
0 0.649028 0.544234 0.019438 0.033175
0 0.560475 0.655608 0.010799 0.041074
0 0.548596 0.672196 0.025918 0.011058
0 0.887149 0.492891 0.169546 0.116904
0 0.867711 0.411532 0.085313 0.102686
