0 0.621053 0.895340 0.108421 0.089258
0 0.674737 0.582543 0.017895 0.048183
0 0.672368 0.522512 0.023684 0.037125
0 0.851579 0.624013 0.036842 0.048973
0 0.848158 0.479858 0.022632 0.043444
0 0.447632 0.550948 0.017368 0.051343
0 0.511579 0.576619 0.025263 0.066351
0 0.599737 0.550158 0.019474 0.135071
0 0.244737 0.581359 0.038947 0.039494
0 0.296053 0.597156 0.035263 0.025276
0 0.262105 0.719589 0.030526 0.030016
0 0.168684 0.663507 0.022632 0.030016
0 0.114474 0.582148 0.033158 0.030016
0 0.138158 0.550553 0.022632 0.034755
0 0.171316 0.529226 0.011053 0.022117
0 0.212368 0.529226 0.018421 0.014218
