0 0.407534 0.614017 0.083562 0.056485
0 0.482877 0.676778 0.031507 0.056485
0 0.510274 0.773013 0.026027 0.089958
0 0.528767 0.792887 0.123288 0.079498
0 0.631507 0.789749 0.123288 0.098326
0 0.652740 0.851464 0.091781 0.087866
0 0.543151 0.897490 0.154795 0.092050
0 0.530822 0.973849 0.132877 0.052301
0 0.255479 0.964435 0.149315 0.066946
0 0.021918 0.771967 0.041096 0.121339
0 0.284247 0.832636 0.097260 0.046025
0 0.513699 0.273013 0.027397 0.307531
0 0.729452 0.326360 0.097260 0.230126
0 0.799315 0.471757 0.116438 0.215481
0 0.893836 0.631799 0.152055 0.150628
0 0.786986 0.687238 0.042466 0.098326
0 0.935616 0.798117 0.090411 0.202929
0 0.839726 0.864017 0.109589 0.108787
0 0.669863 0.543933 0.038356 0.041841
0 0.654795 0.698745 0.035616 0.071130
