0 0.532813 0.840278 0.053125 0.108333
0 0.617188 0.950000 0.081250 0.061111
0 0.640625 0.900000 0.078125 0.072222
0 0.763281 0.897222 0.064062 0.033333
0 0.290625 0.906944 0.068750 0.091667
0 0.171094 0.408333 0.032813 0.105556
0 0.157031 0.511111 0.035937 0.083333
0 0.144531 0.606944 0.048438 0.130556
0 0.092969 0.550000 0.032813 0.083333
0 0.129688 0.748611 0.021875 0.113889
0 0.132812 0.841667 0.028125 0.055556
0 0.210156 0.804167 0.023438 0.113889
0 0.225000 0.712500 0.031250 0.069444
0 0.193750 0.644444 0.034375 0.072222
