0 0.083984 0.820537 0.066406 0.197697
0 0.161328 0.763916 0.072656 0.168906
0 0.268359 0.788868 0.094531 0.111324
0 0.328516 0.745681 0.077344 0.236084
0 0.392578 0.704415 0.063281 0.145873
0 0.458594 0.735125 0.054688 0.099808
0 0.478906 0.663148 0.062500 0.113244
0 0.512500 0.571977 0.067187 0.230326
0 0.561328 0.534549 0.107031 0.262956
0 0.686328 0.685221 0.072656 0.214971
0 0.864453 0.806142 0.038281 0.099808
0 0.904297 0.784069 0.032031 0.105566
0 0.923047 0.620921 0.039844 0.247601
0 0.967969 0.631478 0.023438 0.211132
0 0.982422 0.454894 0.025781 0.184261
0 0.162891 0.465451 0.153906 0.358925
0 0.250000 0.553743 0.109375 0.305182
0 0.382812 0.426104 0.056250 0.222649
0 0.616016 0.240883 0.024219 0.059501
0 0.709375 0.519194 0.059375 0.140115
0 0.626953 0.598848 0.063281 0.107486
0 0.558984 0.847409 0.027344 0.082534
0 0.733594 0.740883 0.045312 0.057582
0 0.776563 0.714012 0.017188 0.088292
