0 0.192674 0.382250 0.058608 0.216169
0 0.282784 0.365993 0.048352 0.347100
0 0.335897 0.597540 0.139927 0.147627
0 0.392308 0.513620 0.059341 0.283831
0 0.331136 0.685413 0.127473 0.050967
0 0.305495 0.771968 0.172894 0.055360
0 0.215385 0.589631 0.121612 0.091388
0 0.470330 0.462654 0.077656 0.396309
0 0.498168 0.680580 0.079121 0.048330
0 0.529670 0.502636 0.027839 0.349736
0 0.553846 0.633568 0.029304 0.065026
0 0.584615 0.600615 0.005861 0.062390
0 0.749084 0.476274 0.095971 0.374341
0 0.875458 0.615993 0.247619 0.156415
0 0.791941 0.721880 0.172894 0.101054
