0 0.066541 0.402344 0.044361 0.076778
0 0.355244 0.657328 0.089799 0.051724
0 0.342493 0.703394 0.152658 0.050647
0 0.437051 0.684806 0.040769 0.131466
0 0.479616 0.683324 0.064835 0.140894
0 0.546246 0.699219 0.032507 0.100485
0 0.638829 0.712150 0.073994 0.047683
0 0.735542 0.739628 0.050467 0.061153
0 0.876078 0.805900 0.062141 0.034213
0 0.887931 0.775458 0.035920 0.045528
0 0.397809 0.860453 0.046336 0.064116
0 0.232399 0.757812 0.017960 0.024784
0 0.115212 0.584321 0.028197 0.028017
0 0.226024 0.599273 0.040050 0.041218
0 0.178520 0.539736 0.017960 0.050916
