0 0.135417 0.351852 0.104167 0.062963
0 0.241667 0.325926 0.130556 0.088889
0 0.363194 0.330556 0.129167 0.079630
0 0.472222 0.317593 0.102778 0.064815
0 0.550000 0.325000 0.094444 0.072222
0 0.175694 0.500926 0.140278 0.079630
0 0.488889 0.469444 0.461111 0.090741
0 0.595139 0.382407 0.281944 0.116667
0 0.899306 0.312037 0.193056 0.094444
0 0.903472 0.447222 0.193056 0.083333
0 0.790972 0.247222 0.168056 0.161111
0 0.376389 0.260185 0.072222 0.057407
0 0.459722 0.253704 0.097222 0.051852
0 0.552083 0.250926 0.095833 0.053704
0 0.627083 0.251852 0.070833 0.044444
