0 0.296875 0.371667 0.068750 0.170000
0 0.200625 0.368333 0.063750 0.106667
0 0.248750 0.395000 0.032500 0.056667
0 0.120625 0.355000 0.058750 0.093333
0 0.013125 0.208333 0.016250 0.230000
0 0.075625 0.132500 0.051250 0.065000
0 0.057500 0.231667 0.090000 0.103333
0 0.477500 0.313333 0.055000 0.063333
0 0.568125 0.368333 0.053750 0.083333
0 0.626250 0.438333 0.102500 0.096667
0 0.706875 0.475000 0.036250 0.076667
0 0.656875 0.357500 0.033750 0.068333
0 0.857500 0.374167 0.047500 0.045000
0 0.935625 0.458333 0.041250 0.060000
0 0.974375 0.431667 0.026250 0.033333
0 0.900000 0.466667 0.040000 0.036667
0 0.847500 0.431667 0.040000 0.043333
0 0.729375 0.281667 0.066250 0.136667
0 0.770625 0.302500 0.023750 0.025000
0 0.656250 0.248333 0.060000 0.090000
0 0.611250 0.257500 0.040000 0.045000
0 0.463125 0.218333 0.083750 0.056667
0 0.530625 0.116667 0.183750 0.130000
0 0.363750 0.077500 0.165000 0.105000
0 0.233125 0.100000 0.098750 0.133333
0 0.158750 0.222500 0.045000 0.095000
