0 0.356464 0.492443 0.070772 0.156454
0 0.436887 0.450572 0.047794 0.132353
0 0.515625 0.366422 0.078431 0.113562
0 0.564491 0.324142 0.038909 0.138480
0 0.655331 0.204453 0.085784 0.114788
0 0.589308 0.210580 0.070159 0.088644
0 0.542279 0.695670 0.074755 0.110294
0 0.428615 0.784926 0.118260 0.097631
0 0.498468 0.716503 0.060662 0.086601
0 0.526195 0.624796 0.053002 0.060866
0 0.597426 0.546569 0.043505 0.027778
0 0.698376 0.712214 0.067096 0.043709
0 0.625766 0.726716 0.089767 0.054739
0 0.847120 0.696283 0.067402 0.075572
0 0.258119 0.818832 0.070159 0.043709
