0 0.078516 0.658333 0.122656 0.150000
0 0.073828 0.817361 0.141406 0.148611
0 0.232031 0.856944 0.068750 0.030556
0 0.330859 0.794444 0.047656 0.038889
0 0.101172 0.468056 0.091406 0.219444
0 0.139453 0.315278 0.161719 0.266667
0 0.176953 0.195833 0.216406 0.308333
0 0.229687 0.354861 0.068750 0.065278
0 0.200391 0.636111 0.038281 0.052778
0 0.253516 0.652778 0.057031 0.036111
0 0.300781 0.691667 0.032813 0.025000
0 0.248438 0.769444 0.051562 0.058333
0 0.192188 0.758333 0.009375 0.030556
0 0.182031 0.771528 0.035937 0.043056
0 0.318750 0.767361 0.034375 0.029167
0 0.333594 0.802778 0.029687 0.022222
0 0.385547 0.868056 0.017969 0.011111
0 0.482812 0.870139 0.021875 0.020833
0 0.488672 0.904861 0.027344 0.015278
0 0.548828 0.876389 0.027344 0.011111
0 0.571094 0.875694 0.020313 0.018056
0 0.566797 0.900694 0.024219 0.012500
0 0.654687 0.875000 0.025000 0.016667
0 0.657031 0.904861 0.021875 0.015278
0 0.680078 0.883333 0.013281 0.027778
0 0.697656 0.913889 0.028125 0.025000
0 0.786719 0.893056 0.103125 0.041667
0 0.754687 0.926389 0.025000 0.027778
0 0.931250 0.895139 0.060937 0.065278
0 0.981250 0.876389 0.037500 0.072222
0 0.800000 0.422222 0.398438 0.291667
0 0.842969 0.655556 0.314063 0.188889
0 0.775000 0.800000 0.132812 0.108333
0 0.944141 0.801389 0.110156 0.116667
0 0.585938 0.624306 0.067187 0.081944
0 0.580859 0.690972 0.052344 0.051389
0 0.555469 0.774306 0.057813 0.079167
0 0.584375 0.734722 0.070312 0.044444
0 0.654687 0.804861 0.043750 0.045833
0 0.663281 0.851389 0.028125 0.022222
0 0.758594 0.924306 0.043750 0.045833
0 0.728906 0.207639 0.539062 0.134722
0 0.551953 0.313889 0.114844 0.069444
0 0.586719 0.466667 0.081250 0.213889
0 0.544141 0.552778 0.035156 0.047222
0 0.519531 0.585417 0.018750 0.040278
0 0.379297 0.094444 0.202344 0.138889
0 0.407422 0.193750 0.146094 0.079167
0 0.743750 0.079861 0.507812 0.129167
0 0.056250 0.097222 0.050000 0.086111
0 0.066797 0.231250 0.027344 0.134722
0 0.053516 0.361806 0.027344 0.151389
0 0.025391 0.518750 0.024219 0.081944
0 0.018750 0.559722 0.021875 0.036111
