0 0.249512 0.368960 0.059570 0.064422
0 0.269043 0.450952 0.137695 0.093704
0 0.330566 0.405564 0.079102 0.216691
0 0.411621 0.447291 0.098633 0.127379
0 0.467773 0.364568 0.099609 0.292826
0 0.534668 0.426794 0.077148 0.180088
0 0.582520 0.396779 0.041992 0.237189
0 0.663086 0.447291 0.125000 0.147877
0 0.703125 0.570278 0.062500 0.118594
0 0.540527 0.580527 0.114258 0.124451
0 0.437012 0.608346 0.112305 0.109810
0 0.432129 0.710102 0.178711 0.120059
0 0.325684 0.650073 0.139648 0.228404
0 0.097168 0.577599 0.077148 0.101025
0 0.137207 0.459004 0.069336 0.054173
0 0.137207 0.410688 0.090820 0.054173
0 0.190430 0.362372 0.060547 0.051245
0 0.976074 0.540996 0.047852 0.095168
0 0.914551 0.721816 0.083008 0.076135
0 0.890137 0.379209 0.045898 0.090776
0 0.758789 0.316252 0.058594 0.096633
0 0.767578 0.448755 0.087891 0.124451
