0 0.031579 0.697566 0.050526 0.080524
0 0.097895 0.704120 0.044211 0.056180
0 0.164737 0.690075 0.034737 0.039326
0 0.203684 0.691948 0.051579 0.073034
0 0.281053 0.697566 0.080000 0.065543
0 0.383684 0.671348 0.030526 0.039326
0 0.423684 0.640449 0.051579 0.067416
0 0.472105 0.604869 0.041053 0.037453
0 0.512632 0.562734 0.027368 0.031835
0 0.511053 0.518727 0.009474 0.018727
0 0.484737 0.511236 0.081053 0.071161
0 0.585789 0.506554 0.034737 0.054307
0 0.627368 0.429775 0.042105 0.065543
0 0.681053 0.390449 0.042105 0.020599
0 0.775789 0.404494 0.080000 0.026217
0 0.842632 0.385768 0.055789 0.052434
0 0.931053 0.432584 0.085263 0.048689
0 0.498421 0.129213 0.026316 0.026217
0 0.293684 0.124532 0.035789 0.054307
0 0.248947 0.178839 0.043158 0.088015
0 0.044211 0.196629 0.012632 0.048689
0 0.029474 0.295880 0.018947 0.048689
0 0.028421 0.417603 0.018947 0.059925
