0 0.057857 0.655099 0.078000 0.084833
0 0.151143 0.658740 0.168571 0.062982
0 0.344857 0.669666 0.060000 0.053128
0 0.378286 0.620608 0.044571 0.107541
0 0.154000 0.426735 0.032000 0.043702
0 0.205143 0.444944 0.028571 0.026135
0 0.603429 0.602828 0.021143 0.044559
0 0.518714 0.661311 0.049429 0.036418
0 0.659143 0.673736 0.132571 0.055270
0 0.740286 0.663882 0.136000 0.077549
0 0.795429 0.646315 0.146857 0.087832
0 0.879000 0.579263 0.099714 0.165381
0 0.956143 0.627464 0.087714 0.093830
0 0.979714 0.509212 0.040571 0.125536
0 0.932714 0.512425 0.034000 0.052271
0 0.771286 0.539632 0.160286 0.064696
0 0.945571 0.419452 0.043143 0.081405
