0 0.061458 0.788889 0.118750 0.200000
0 0.138542 0.746296 0.089583 0.240741
0 0.225000 0.751852 0.050000 0.185185
0 0.303125 0.700000 0.081250 0.192593
0 0.314583 0.603704 0.050000 0.066667
0 0.412500 0.764815 0.154167 0.233333
0 0.556250 0.796296 0.120833 0.266667
0 0.594792 0.637037 0.043750 0.066667
0 0.730208 0.761111 0.177083 0.085185
0 0.717708 0.714815 0.160417 0.111111
0 0.629167 0.483333 0.104167 0.196296
0 0.786458 0.561111 0.127083 0.137037
0 0.712500 0.964815 0.079167 0.070370
0 0.813542 0.862963 0.052083 0.074074
