0 0.298485 0.587500 0.096970 0.120455
0 0.350758 0.672727 0.098485 0.100000
0 0.400758 0.767045 0.059091 0.075000
0 0.467424 0.668182 0.056061 0.118182
0 0.472727 0.804545 0.060606 0.072727
0 0.075000 0.692045 0.110606 0.088636
0 0.034091 0.573864 0.043939 0.070455
0 0.151515 0.577273 0.118182 0.072727
0 0.202273 0.530682 0.065152 0.061364
0 0.363636 0.609091 0.027273 0.031818
0 0.404545 0.550000 0.124242 0.068182
0 0.538636 0.593182 0.034848 0.031818
0 0.133333 0.192045 0.100000 0.147727
0 0.219697 0.195455 0.124242 0.145455
0 0.244697 0.335227 0.098485 0.161364
0 0.325000 0.405682 0.065152 0.056818
0 0.075758 0.361364 0.103030 0.100000
0 0.543182 0.403409 0.171212 0.156818
0 0.620455 0.225000 0.065152 0.209091
0 0.550758 0.301136 0.059091 0.070455
0 0.742424 0.368182 0.087879 0.100000
0 0.821970 0.486364 0.204545 0.150000
0 0.912121 0.464773 0.175758 0.202273
0 0.962121 0.640909 0.075758 0.122727
0 0.888636 0.644318 0.016667 0.029545
0 0.953030 0.711364 0.033333 0.045455
0 0.732576 0.568182 0.037879 0.036364
0 0.863636 0.575000 0.112121 0.063636
