0 0.393229 0.374074 0.413542 0.196296
0 0.170833 0.631481 0.045833 0.111111
0 0.220833 0.623148 0.035417 0.090741
0 0.284375 0.616667 0.037500 0.081481
0 0.282813 0.764815 0.028125 0.037037
0 0.367708 0.619444 0.031250 0.061111
0 0.430208 0.628704 0.029167 0.087037
0 0.477083 0.617593 0.027083 0.112963
0 0.477083 0.742593 0.027083 0.055556
0 0.554688 0.628704 0.017708 0.079630
0 0.612500 0.633333 0.033333 0.077778
0 0.669271 0.634259 0.023958 0.068519
0 0.159896 0.791667 0.030208 0.064815
0 0.225000 0.796296 0.027083 0.081481
0 0.478125 0.302778 0.410417 0.350000
