0 0.200758 0.402273 0.095455 0.213636
0 0.253788 0.822727 0.186364 0.090909
0 0.433333 0.695455 0.051515 0.054545
0 0.539394 0.707955 0.021212 0.084091
0 0.595455 0.672727 0.036364 0.050000
0 0.654545 0.687500 0.021212 0.047727
0 0.738636 0.563636 0.062121 0.095455
0 0.800758 0.585227 0.040909 0.065909
0 0.775000 0.680682 0.065152 0.061364
0 0.627273 0.884091 0.036364 0.036364
0 0.990152 0.790909 0.016667 0.036364
0 0.262879 0.837500 0.040909 0.034091
0 0.303030 0.840909 0.024242 0.022727
0 0.341667 0.852273 0.022727 0.045455
0 0.170455 0.818182 0.019697 0.068182
