0 0.016783 0.563472 0.025175 0.142487
0 0.041259 0.575130 0.032168 0.093264
0 0.113287 0.668394 0.033566 0.036269
0 0.146154 0.702073 0.043357 0.041451
0 0.102098 0.500000 0.025175 0.098446
0 0.146853 0.533679 0.058741 0.077720
0 0.267832 0.584197 0.040559 0.044041
0 0.285315 0.836788 0.041958 0.093264
0 0.305594 0.796632 0.026573 0.028497
0 0.416783 0.918394 0.030769 0.049223
0 0.484615 0.892487 0.062937 0.111399
0 0.465734 0.634715 0.050350 0.082902
0 0.392308 0.270725 0.029371 0.049223
0 0.455245 0.380829 0.090909 0.072539
0 0.285315 0.050518 0.030769 0.054404
0 0.662238 0.308290 0.057343 0.150259
0 0.604895 0.625648 0.057343 0.152850
0 0.669930 0.636010 0.033566 0.137306
0 0.731469 0.715026 0.036364 0.072539
0 0.788112 0.695596 0.062937 0.090674
0 0.883217 0.349741 0.051748 0.150259
0 0.923776 0.371762 0.034965 0.163212
0 0.776224 0.284974 0.027972 0.036269
0 0.398601 0.683938 0.025175 0.072539
