0 0.235390 0.685065 0.102814 0.136364
0 0.397727 0.676136 0.152597 0.125000
0 0.482684 0.533279 0.051948 0.040584
0 0.564394 0.471591 0.027056 0.040584
0 0.593074 0.433442 0.032468 0.042208
0 0.538961 0.491071 0.038961 0.063312
0 0.525974 0.866883 0.058442 0.048701
0 0.609848 0.931818 0.053030 0.084416
0 0.633658 0.985390 0.076840 0.012987
0 0.703463 0.883117 0.077922 0.045455
0 0.913961 0.860390 0.031385 0.038961
0 0.918290 0.839286 0.042208 0.042208
0 0.900974 0.890422 0.020563 0.043831
0 0.195346 0.780844 0.046537 0.048701
