0 0.097727 0.399838 0.082727 0.169628
0 0.077273 0.524233 0.061818 0.095315
0 0.089091 0.608239 0.027273 0.056543
0 0.075455 0.671244 0.030909 0.079160
0 0.131364 0.684168 0.026364 0.037157
0 0.187273 0.684976 0.029091 0.042003
0 0.185909 0.596123 0.026364 0.029079
0 0.195455 0.452342 0.080000 0.090468
0 0.235455 0.511309 0.076364 0.075929
0 0.283636 0.351373 0.192727 0.201939
0 0.315455 0.498384 0.198182 0.130856
0 0.420455 0.539580 0.075455 0.145396
0 0.455000 0.433764 0.095455 0.056543
0 0.275455 0.689015 0.029091 0.053312
0 0.317273 0.694669 0.025455 0.067851
0 0.284545 0.808562 0.040000 0.033926
0 0.631364 0.677706 0.031818 0.043619
0 0.751818 0.925687 0.056364 0.022617
0 0.584545 0.352181 0.089091 0.242326
0 0.673636 0.418417 0.052727 0.161551
0 0.658182 0.585622 0.036364 0.033926
