0 0.019333 0.397983 0.022667 0.112693
0 0.034000 0.480427 0.054667 0.066429
0 0.072333 0.590154 0.051333 0.100830
0 0.119667 0.551008 0.048667 0.060498
0 0.159000 0.599051 0.070000 0.097272
0 0.232000 0.736655 0.061333 0.073547
0 0.286000 0.495255 0.044000 0.088968
0 0.403333 0.683867 0.057333 0.062871
0 0.497333 0.724199 0.041333 0.039146
0 0.693667 0.838078 0.039333 0.065243
0 0.747667 0.693357 0.026000 0.060498
0 0.840000 0.667260 0.061333 0.086595
0 0.817000 0.804270 0.042000 0.116251
0 0.762667 0.805457 0.041333 0.118624
0 0.709333 0.753262 0.041333 0.064057
0 0.498667 0.432977 0.034667 0.045077
0 0.566000 0.502966 0.050667 0.111507
0 0.412333 0.413405 0.058000 0.046263
0 0.321667 0.376038 0.078000 0.156584
0 0.153667 0.424674 0.051333 0.078292
