0 0.305645 0.409439 0.085484 0.283163
0 0.322581 0.272959 0.058065 0.066327
0 0.366129 0.414541 0.054839 0.130102
0 0.442742 0.369898 0.079032 0.137755
0 0.498387 0.380102 0.035484 0.071429
0 0.525000 0.382653 0.017742 0.045918
0 0.535484 0.243622 0.077419 0.109694
0 0.652419 0.406888 0.043548 0.084184
0 0.681452 0.344388 0.043548 0.035714
0 0.683871 0.428571 0.016129 0.025510
0 0.516129 0.568878 0.116129 0.071429
0 0.520161 0.485969 0.230645 0.053571
0 0.420968 0.516582 0.067742 0.048469
0 0.441129 0.636480 0.043548 0.119898
0 0.585484 0.672194 0.258065 0.063776
0 0.738710 0.544643 0.064516 0.063776
0 0.804032 0.473214 0.046774 0.130102
0 0.279032 0.627551 0.045161 0.066327
0 0.326613 0.582908 0.050000 0.063776
0 0.358065 0.709184 0.058065 0.025510
0 0.266935 0.697704 0.050000 0.033163
