0 0.218241 0.497110 0.208469 0.578035
0 0.361564 0.598266 0.188925 0.387283
0 0.517915 0.632948 0.117264 0.109827
0 0.692182 0.592486 0.087948 0.202312
0 0.747557 0.546243 0.114007 0.317919
0 0.843648 0.531792 0.097720 0.312139
0 0.926710 0.583815 0.081433 0.219653
0 0.081433 0.803468 0.045603 0.057803
0 0.089577 0.526012 0.068404 0.080925
0 0.122150 0.193642 0.068404 0.098266
0 0.245928 0.248555 0.094463 0.138728
0 0.345277 0.401734 0.071661 0.144509
0 0.625407 0.612717 0.097720 0.138728
0 0.614007 0.736994 0.042345 0.075145
0 0.675896 0.439306 0.061889 0.127168
