0 0.060769 0.080000 0.106154 0.154667
0 0.042308 0.174667 0.069231 0.344000
0 0.046154 0.361333 0.061538 0.029333
0 0.013077 0.382667 0.004615 0.013333
0 0.045385 0.500000 0.069231 0.210667
0 0.045385 0.650667 0.072308 0.512000
0 0.144615 0.712000 0.126154 0.389333
0 0.258462 0.685333 0.101538 0.336000
0 0.247692 0.465333 0.123077 0.776000
0 0.405385 0.278667 0.438462 0.402667
0 0.565385 0.668000 0.118462 0.376000
0 0.609231 0.762667 0.206154 0.186667
0 0.805385 0.741333 0.186154 0.144000
0 0.821538 0.552000 0.153846 0.522667
0 0.843077 0.218667 0.196923 0.144000
0 0.959231 0.337333 0.035385 0.381333
0 0.922308 0.374667 0.109231 0.306667
0 0.920769 0.489333 0.106154 0.536000
0 0.983846 0.641333 0.020000 0.232000
0 0.904615 0.678667 0.178462 0.306667
