0 0.231602 0.573480 0.062771 0.123311
0 0.198593 0.635980 0.068182 0.076014
0 0.162338 0.785473 0.080087 0.148649
0 0.222944 0.836149 0.060606 0.054054
0 0.271104 0.710304 0.029221 0.103041
0 0.285173 0.631757 0.035714 0.125000
0 0.302489 0.718750 0.044372 0.062500
0 0.334416 0.835304 0.116883 0.069257
0 0.456169 0.523649 0.072511 0.175676
0 0.497835 0.422297 0.101732 0.074324
0 0.648268 0.561655 0.311688 0.136824
0 0.747835 0.633446 0.448052 0.037162
0 0.755952 0.705236 0.382035 0.116554
0 0.704545 0.833615 0.300866 0.143581
0 0.875000 0.782095 0.130952 0.084459
0 0.918290 0.864020 0.074675 0.062500
0 0.554113 0.658784 0.043290 0.060811
0 0.244589 0.244088 0.140693 0.065878
0 0.274351 0.144426 0.029221 0.062500
0 0.028680 0.651182 0.050866 0.133446
0 0.716991 0.138514 0.156926 0.253378
0 0.873918 0.062500 0.027056 0.104730
