0 0.342448 0.691406 0.130729 0.075000
0 0.342708 0.791016 0.273958 0.117969
0 0.354167 0.877344 0.082292 0.057813
0 0.216667 0.870313 0.063542 0.048438
0 0.062760 0.721094 0.115104 0.140625
0 0.377865 0.596875 0.084896 0.117188
0 0.287760 0.615234 0.050521 0.083594
0 0.684115 0.585547 0.189062 0.111719
0 0.723177 0.687891 0.177604 0.110156
0 0.564063 0.805078 0.172917 0.088281
0 0.508073 0.888281 0.108854 0.092188
0 0.686719 0.866797 0.071354 0.050781
0 0.593490 0.709766 0.097396 0.039844
0 0.568750 0.230859 0.016667 0.414844
0 0.607031 0.381250 0.029687 0.320312
0 0.480208 0.316406 0.015625 0.070312
0 0.791667 0.515234 0.021875 0.064844
0 0.956250 0.525781 0.085417 0.112500
0 0.969010 0.685547 0.055729 0.119531
0 0.960417 0.175781 0.031250 0.084375
