0 0.026966 0.202595 0.035955 0.093812
0 0.099438 0.218563 0.048315 0.061876
0 0.297753 0.322355 0.069663 0.113772
0 0.391011 0.383234 0.092135 0.147705
0 0.449438 0.394212 0.033708 0.077844
0 0.518539 0.385230 0.082022 0.083832
0 0.578652 0.391218 0.031461 0.051896
0 0.614045 0.365269 0.025843 0.035928
0 0.622472 0.330339 0.017978 0.037924
0 0.693258 0.273453 0.044944 0.039920
0 0.735955 0.255489 0.033708 0.043912
0 0.776404 0.244511 0.031461 0.053892
0 0.897753 0.180639 0.020225 0.017964
0 0.954494 0.171657 0.057303 0.035928
