0 0.021973 0.362319 0.035156 0.215781
0 0.071777 0.366747 0.071289 0.165056
0 0.085205 0.481884 0.035645 0.102254
0 0.195068 0.488325 0.039551 0.055556
0 0.260986 0.436795 0.114746 0.139291
0 0.328613 0.416667 0.044922 0.095813
0 0.276611 0.528583 0.029785 0.055556
0 0.350586 0.560386 0.024414 0.043478
0 0.384277 0.536232 0.032227 0.046699
0 0.510986 0.538245 0.102051 0.099034
0 0.486084 0.599034 0.028809 0.048309
0 0.533936 0.595813 0.021973 0.028986
0 0.466309 0.648551 0.021484 0.071659
0 0.749268 0.560386 0.108887 0.180354
0 0.799316 0.511675 0.092773 0.171498
0 0.864014 0.419082 0.045410 0.107085
