0 0.190455 0.513732 0.020909 0.025848
0 0.240455 0.427302 0.020909 0.082391
0 0.272273 0.384491 0.006364 0.087237
0 0.313636 0.349758 0.001818 0.066236
0 0.307273 0.348950 0.036364 0.045234
0 0.339091 0.294830 0.032727 0.046850
0 0.372727 0.222940 0.027273 0.067851
0 0.410455 0.154281 0.030000 0.056543
0 0.363182 0.256058 0.051818 0.040388
0 0.398182 0.569467 0.034545 0.040388
0 0.424091 0.487884 0.064545 0.096931
0 0.470909 0.422456 0.080000 0.082391
0 0.529545 0.337641 0.077273 0.042003
0 0.574545 0.244750 0.098182 0.043619
0 0.627727 0.176090 0.099091 0.071082
0 0.678636 0.142973 0.062727 0.024233
0 0.699091 0.105008 0.040000 0.029079
0 0.689091 0.073506 0.025455 0.043619
0 0.678636 0.125202 0.022727 0.040388
0 0.585000 0.235057 0.057273 0.053312
0 0.548182 0.311793 0.081818 0.042003
0 0.515000 0.385299 0.059091 0.066236
0 0.455909 0.382876 0.006364 0.067851
