0 0.049805 0.810651 0.083984 0.112426
0 0.144531 0.840976 0.076172 0.057692
0 0.199219 0.798817 0.091797 0.088757
0 0.254883 0.786982 0.041016 0.079882
0 0.291016 0.781065 0.011719 0.017751
0 0.087402 0.610947 0.040039 0.044379
0 0.175781 0.619083 0.023438 0.066568
0 0.458984 0.559172 0.031250 0.068047
0 0.460449 0.613166 0.069336 0.048817
0 0.456543 0.648669 0.045898 0.031065
0 0.421387 0.678994 0.040039 0.023669
0 0.392578 0.707101 0.027344 0.026627
0 0.596680 0.750000 0.044922 0.041420
0 0.515137 0.562130 0.036133 0.056213
0 0.550293 0.568047 0.018555 0.023669
0 0.431152 0.549556 0.026367 0.039941
