0 0.061250 0.907778 0.035833 0.028889
0 0.090833 0.885556 0.035000 0.028889
0 0.135417 0.862222 0.020833 0.013333
0 0.168333 0.843889 0.040000 0.025556
0 0.209167 0.826667 0.020000 0.011111
0 0.252083 0.802778 0.037500 0.016667
0 0.312500 0.782778 0.033333 0.003333
0 0.315833 0.769444 0.018333 0.016667
0 0.162083 0.928333 0.047500 0.054444
0 0.376667 0.782778 0.031667 0.012222
0 0.536667 0.740556 0.041667 0.034444
0 0.575000 0.718333 0.026667 0.018889
0 0.624583 0.658889 0.022500 0.031111
0 0.659583 0.606111 0.030833 0.038889
0 0.732083 0.587222 0.040833 0.036667
0 0.746250 0.538889 0.029167 0.033333
0 0.757083 0.507778 0.022500 0.026667
