0 0.102632 0.597368 0.180702 0.321053
0 0.154386 0.786842 0.045614 0.047368
0 0.205263 0.627632 0.042105 0.265789
0 0.146491 0.855263 0.019298 0.068421
0 0.358772 0.864474 0.114035 0.113158
0 0.551754 0.860526 0.173684 0.168421
0 0.652632 0.686842 0.238596 0.484211
0 0.465789 0.209211 0.236842 0.334211
0 0.497368 0.330263 0.212281 0.302632
0 0.658772 0.281579 0.247368 0.484211
0 0.665789 0.040789 0.559649 0.071053
0 0.861404 0.269737 0.252632 0.465789
0 0.822807 0.655263 0.343860 0.621053
0 0.317544 0.101316 0.105263 0.150000
0 0.094737 0.381579 0.161404 0.189474
0 0.501754 0.807895 0.200000 0.200000
