0 0.533594 0.484917 0.087500 0.155354
0 0.491016 0.597285 0.071094 0.096531
0 0.404297 0.654600 0.069531 0.063348
0 0.328125 0.688537 0.062500 0.110106
0 0.178906 0.647813 0.070312 0.176471
0 0.210938 0.415535 0.189062 0.297134
0 0.082812 0.512821 0.087500 0.280543
0 0.083594 0.777526 0.043750 0.082956
0 0.683594 0.619910 0.085938 0.162896
0 0.720313 0.448718 0.048438 0.134238
0 0.947656 0.562594 0.104688 0.190045
0 0.971484 0.412519 0.052344 0.095023
0 0.893750 0.711916 0.095312 0.081448
0 0.773047 0.671946 0.057031 0.058824
0 0.563281 0.752640 0.025000 0.048265
