0 0.470455 0.645553 0.101515 0.229111
0 0.556818 0.650943 0.068182 0.142857
0 0.597727 0.730458 0.053030 0.091644
0 0.355303 0.738544 0.034848 0.064690
0 0.022727 0.739892 0.033333 0.056604
0 0.655303 0.338275 0.113636 0.110512
0 0.711364 0.478437 0.113636 0.169811
0 0.709091 0.582210 0.042424 0.048518
0 0.797727 0.619946 0.019697 0.064690
0 0.695455 0.750674 0.030303 0.040431
0 0.747727 0.746631 0.034848 0.037736
0 0.806818 0.354447 0.201515 0.304582
0 0.834091 0.138814 0.216667 0.126685
0 0.903030 0.071429 0.160606 0.132075
0 0.122727 0.095687 0.103030 0.099730
