0 0.162500 0.817500 0.021667 0.040000
0 0.205833 0.835000 0.028333 0.030000
0 0.258333 0.807500 0.023333 0.015000
0 0.302500 0.811250 0.048333 0.037500
0 0.365000 0.807500 0.056667 0.095000
0 0.465000 0.813750 0.050000 0.057500
0 0.626667 0.791250 0.030000 0.027500
0 0.712500 0.735000 0.031667 0.045000
0 0.494167 0.762500 0.128333 0.050000
0 0.364167 0.707500 0.105000 0.105000
0 0.248333 0.695000 0.083333 0.085000
0 0.483333 0.441250 0.040000 0.042500
0 0.660833 0.451250 0.068333 0.052500
0 0.800833 0.520000 0.068333 0.060000
0 0.227500 0.510000 0.031667 0.035000
