0 0.036667 0.781095 0.066667 0.248756
0 0.111667 0.863184 0.143333 0.104478
0 0.171667 0.950249 0.043333 0.039801
0 0.268333 0.793532 0.076667 0.233831
0 0.423333 0.843284 0.126667 0.164179
0 0.451667 0.751244 0.043333 0.069652
0 0.485000 0.927861 0.036667 0.044776
0 0.650000 0.805970 0.266667 0.248756
0 0.876667 0.786070 0.146667 0.218905
0 0.913333 0.631841 0.120000 0.089552
0 0.265000 0.629353 0.036667 0.064677
0 0.573333 0.656716 0.033333 0.059701
0 0.830000 0.676617 0.053333 0.139303
0 0.810000 0.848259 0.033333 0.134328
