0 0.343229 0.684766 0.187500 0.146094
0 0.271615 0.816797 0.180729 0.169531
0 0.424740 0.777344 0.129688 0.193750
0 0.524740 0.839063 0.100521 0.162500
0 0.665885 0.808594 0.248438 0.181250
0 0.720573 0.641016 0.186979 0.214844
0 0.642188 0.542969 0.129167 0.190625
0 0.603906 0.376172 0.063021 0.211719
0 0.585417 0.168359 0.038542 0.102344
0 0.962500 0.197656 0.044792 0.106250
0 0.960156 0.598437 0.079687 0.282813
0 0.059896 0.720703 0.108333 0.132031
0 0.021354 0.377344 0.025000 0.059375
0 0.208594 0.680859 0.036979 0.153906
