0 0.084677 0.937634 0.133871 0.120430
0 0.173790 0.885484 0.100806 0.181720
0 0.289919 0.953226 0.060484 0.087097
0 0.372177 0.925269 0.029839 0.074194
0 0.443952 0.906989 0.055645 0.046237
0 0.463306 0.958602 0.071774 0.052688
0 0.521774 0.949462 0.040323 0.043011
0 0.584274 0.976344 0.026613 0.043011
0 0.622984 0.970968 0.037903 0.053763
0 0.611694 0.806452 0.095968 0.053763
0 0.514113 0.802688 0.045968 0.037634
0 0.925403 0.823656 0.100806 0.152688
0 0.860887 0.847849 0.047581 0.063441
0 0.916532 0.718817 0.066935 0.074194
0 0.879839 0.707527 0.030645 0.064516
0 0.833871 0.697849 0.048387 0.053763
0 0.822581 0.754839 0.041935 0.049462
0 0.780645 0.691935 0.046774 0.048387
0 0.731048 0.706989 0.033065 0.041935
0 0.731452 0.662366 0.045161 0.040860
0 0.695161 0.654839 0.024194 0.111828
0 0.646774 0.667742 0.046774 0.098925
0 0.588710 0.679570 0.048387 0.105376
0 0.491532 0.686559 0.015323 0.084946
0 0.383468 0.682796 0.070161 0.111828
0 0.293548 0.652688 0.083871 0.174194
0 0.174597 0.666129 0.039516 0.143011
0 0.134274 0.678495 0.018548 0.122581
0 0.293548 0.519355 0.062903 0.135484
0 0.625000 0.344624 0.054839 0.259140
0 0.685081 0.441935 0.034677 0.150538
0 0.641129 0.555914 0.045161 0.129032
0 0.583065 0.584409 0.045161 0.080645
0 0.622984 0.133333 0.062097 0.169892
0 0.595565 0.179570 0.028226 0.051613
