0 0.030000 0.573887 0.054667 0.087045
0 0.110000 0.630567 0.094667 0.103239
0 0.238000 0.663968 0.065333 0.048583
0 0.306667 0.684211 0.080000 0.060729
0 0.375333 0.684211 0.041333 0.068826
0 0.419333 0.647773 0.057333 0.064777
0 0.528000 0.664980 0.141333 0.070850
0 0.572000 0.724696 0.093333 0.246964
0 0.514000 0.756073 0.094667 0.212551
0 0.676667 0.869433 0.193333 0.119433
0 0.791333 0.886640 0.092000 0.060729
0 0.842000 0.867409 0.054667 0.042510
0 0.880000 0.847166 0.053333 0.026316
0 0.923333 0.827935 0.036000 0.024291
0 0.948000 0.797571 0.034667 0.028340
0 0.983333 0.792510 0.030667 0.018219
0 0.719333 0.679150 0.206667 0.435223
