0 0.223633 0.283854 0.201172 0.151042
0 0.156250 0.442708 0.179688 0.218750
0 0.302734 0.459635 0.199219 0.315104
0 0.434570 0.415365 0.189453 0.289062
0 0.558594 0.342448 0.195312 0.393229
0 0.665039 0.317708 0.126953 0.411458
0 0.727539 0.263021 0.103516 0.317708
0 0.883789 0.352865 0.212891 0.388021
0 0.924805 0.588542 0.150391 0.166667
0 0.955078 0.088542 0.078125 0.151042
0 0.897461 0.135417 0.072266 0.119792
0 0.600586 0.087240 0.130859 0.122396
0 0.297852 0.157552 0.130859 0.091146
0 0.969727 0.813802 0.048828 0.044271
