0 0.328814 0.458015 0.152542 0.137405
0 0.431356 0.604326 0.242373 0.226463
0 0.545763 0.779898 0.183051 0.195929
0 0.624576 0.900763 0.052542 0.045802
0 0.831356 0.796438 0.211864 0.122137
0 0.961017 0.890585 0.054237 0.061069
0 0.724576 0.670483 0.069492 0.145038
0 0.816102 0.688295 0.052542 0.124682
0 0.584746 0.306616 0.142373 0.277354
0 0.653390 0.407125 0.116949 0.274809
0 0.811864 0.445293 0.203390 0.249364
0 0.150847 0.393130 0.111864 0.175573
0 0.124576 0.567430 0.062712 0.055980
0 0.472881 0.161578 0.088136 0.150127
