0 0.110309 0.594692 0.115464 0.030129
0 0.204124 0.596844 0.063918 0.037303
0 0.177835 0.625538 0.106186 0.028694
0 0.218557 0.490674 0.045361 0.175036
0 0.267010 0.565997 0.047423 0.101865
0 0.358247 0.622669 0.027835 0.034433
0 0.446392 0.677905 0.028866 0.021521
0 0.486082 0.679340 0.034021 0.076040
0 0.522680 0.687231 0.022680 0.017217
0 0.546907 0.583214 0.023711 0.064562
0 0.512371 0.594692 0.016495 0.050215
0 0.487629 0.596844 0.039175 0.068867
0 0.564948 0.576758 0.010309 0.031564
0 0.610825 0.629125 0.027835 0.027260
0 0.693299 0.622669 0.062887 0.063128
0 0.759794 0.623386 0.065979 0.044476
0 0.770619 0.608321 0.040206 0.040172
0 0.759278 0.675753 0.058763 0.031564
0 0.815979 0.770445 0.071134 0.071736
0 0.718041 0.788379 0.106186 0.064562
0 0.919072 0.694405 0.073196 0.080344
0 0.961340 0.637733 0.038144 0.078910
0 0.918041 0.625538 0.038144 0.043042
0 0.930412 0.622669 0.001031 0.011478
