0 0.159500 0.790105 0.043000 0.044978
0 0.170500 0.828336 0.063000 0.043478
0 0.210000 0.828336 0.056000 0.034483
0 0.276500 0.786357 0.063000 0.055472
0 0.342000 0.794603 0.052000 0.053973
0 0.366500 0.824588 0.075000 0.077961
0 0.382000 0.757121 0.040000 0.059970
0 0.337500 0.743628 0.073000 0.056972
0 0.452500 0.805097 0.073000 0.047976
0 0.502000 0.785607 0.070000 0.056972
0 0.611500 0.778111 0.067000 0.041979
0 0.626500 0.736132 0.069000 0.059970
0 0.704000 0.736882 0.042000 0.019490
0 0.739000 0.696402 0.048000 0.028486
0 0.708500 0.640930 0.027000 0.046477
0 0.803500 0.469265 0.069000 0.074963
0 0.871000 0.606447 0.026000 0.040480
0 0.831500 0.640930 0.033000 0.052474
0 0.306000 0.646177 0.074000 0.050975
0 0.263500 0.700150 0.065000 0.032984
0 0.181000 0.726387 0.048000 0.034483
0 0.226000 0.730135 0.042000 0.050975
0 0.277500 0.727886 0.049000 0.022489
0 0.378500 0.694153 0.049000 0.056972
0 0.231000 0.511244 0.056000 0.044978
0 0.082000 0.767616 0.048000 0.062969
0 0.134000 0.747376 0.038000 0.058471
0 0.146000 0.869565 0.030000 0.038981
0 0.359000 0.867316 0.034000 0.034483
0 0.455500 0.835832 0.029000 0.019490
