0 0.054661 0.618079 0.082203 0.169492
0 0.076271 0.663842 0.125424 0.261017
0 0.142373 0.717514 0.006780 0.153672
0 0.288559 0.681921 0.172034 0.105085
0 0.175000 0.613559 0.055085 0.031638
0 0.343220 0.701695 0.391525 0.207910
0 0.454237 0.639548 0.171186 0.332203
0 0.653814 0.373446 0.570339 0.200000
0 0.715254 0.172316 0.447458 0.202260
0 0.544492 0.427119 0.105932 0.711864
0 0.619068 0.707910 0.043220 0.150282
0 0.607627 0.807345 0.040678 0.310734
0 0.589831 0.958192 0.003390 0.051977
0 0.788983 0.545763 0.120339 0.108475
0 0.846610 0.615254 0.235593 0.247458
0 0.964407 0.612429 0.001695 0.253107
0 0.780085 0.490395 0.366949 0.009040
0 0.599153 0.515819 0.006780 0.023729
0 0.672881 0.496610 0.140678 0.062147
