0 0.055444 0.521505 0.104839 0.426523
0 0.125000 0.734767 0.157258 0.197133
0 0.132056 0.248208 0.104839 0.267025
0 0.099294 0.413978 0.119960 0.150538
0 0.253528 0.192652 0.097782 0.188172
0 0.424395 0.302867 0.127016 0.118280
0 0.473286 0.422043 0.192540 0.102151
0 0.463710 0.502688 0.268145 0.062724
0 0.481351 0.587814 0.188508 0.089606
0 0.402722 0.678315 0.099798 0.069892
0 0.370968 0.836918 0.086694 0.093190
0 0.382560 0.938172 0.184476 0.109319
0 0.516633 0.890681 0.186492 0.182796
0 0.577621 0.770609 0.070565 0.121864
0 0.619456 0.872760 0.061492 0.139785
0 0.681956 0.892473 0.037298 0.143369
0 0.727319 0.867384 0.057460 0.103943
0 0.874496 0.896953 0.095766 0.066308
0 0.611391 0.405914 0.206653 0.302867
0 0.617944 0.564516 0.213710 0.060932
0 0.718750 0.212366 0.284274 0.381720
0 0.751008 0.450717 0.193548 0.137993
0 0.862399 0.434588 0.093750 0.077061
0 0.912298 0.276882 0.161290 0.173835
0 0.960685 0.354839 0.078629 0.082437
0 0.849294 0.376344 0.063508 0.086022
0 0.347782 0.240143 0.050403 0.057348
0 0.287298 0.336022 0.042339 0.044803
0 0.324093 0.327061 0.025202 0.026882
0 0.291331 0.375448 0.020161 0.019713
0 0.334677 0.387993 0.034274 0.048387
0 0.365423 0.414875 0.023185 0.037634
0 0.254032 0.743728 0.032258 0.053763
0 0.285282 0.816308 0.024194 0.051971
0 0.241935 0.897849 0.016129 0.035842
0 0.244960 0.964158 0.030242 0.039427
