0 0.298454 0.606529 0.106186 0.161512
0 0.456701 0.702749 0.072165 0.089347
0 0.574742 0.367698 0.120619 0.213058
0 0.741237 0.370275 0.105155 0.097938
0 0.870103 0.475945 0.109278 0.178694
0 0.782474 0.486254 0.088660 0.130584
0 0.958247 0.499141 0.069072 0.207904
0 0.980412 0.674399 0.035052 0.094502
0 0.161340 0.590206 0.089691 0.077320
0 0.203608 0.548110 0.038144 0.061856
0 0.072165 0.715636 0.061856 0.091065
0 0.042784 0.594502 0.034021 0.051546
0 0.149485 0.140893 0.129897 0.123711
0 0.238660 0.277491 0.093814 0.235395
0 0.251031 0.147766 0.054639 0.106529
0 0.342784 0.402921 0.054639 0.063574
