0 0.055500 0.891141 0.079000 0.217718
0 0.076000 0.756757 0.056000 0.084084
0 0.171500 0.892643 0.135000 0.214715
0 0.242000 0.877628 0.022000 0.145646
0 0.264000 0.783033 0.036000 0.124625
0 0.373000 0.908408 0.128000 0.129129
0 0.487500 0.846096 0.131000 0.151652
0 0.589500 0.873874 0.045000 0.093093
0 0.697000 0.827327 0.166000 0.138138
0 0.822500 0.885135 0.053000 0.046547
0 0.821500 0.836336 0.045000 0.048048
0 0.926000 0.837838 0.056000 0.069069
0 0.615000 0.984985 0.048000 0.030030
0 0.653500 0.922673 0.023000 0.040541
0 0.568500 0.952703 0.015000 0.034535
0 0.458500 0.712462 0.081000 0.097598
0 0.371000 0.680180 0.068000 0.060060
