0 0.240333 0.650500 0.103333 0.135000
0 0.329667 0.692500 0.095333 0.107000
0 0.393667 0.617000 0.032667 0.306000
0 0.456333 0.686000 0.051333 0.222000
0 0.424667 0.713500 0.010667 0.135000
0 0.421667 0.527500 0.015333 0.109000
0 0.409667 0.597500 0.028667 0.037000
0 0.041667 0.622500 0.046000 0.057000
0 0.164000 0.628500 0.061333 0.043000
0 0.140000 0.675000 0.033333 0.026000
0 0.516667 0.726000 0.068000 0.072000
0 0.583333 0.699500 0.014667 0.027000
0 0.540667 0.670500 0.033333 0.031000
0 0.627333 0.772000 0.070667 0.052000
0 0.501667 0.653500 0.036667 0.061000
0 0.753667 0.698500 0.043333 0.043000
0 0.797333 0.710500 0.038667 0.027000
0 0.855333 0.695000 0.024000 0.048000
0 0.931667 0.494000 0.035333 0.060000
0 0.790667 0.436500 0.018667 0.043000
0 0.432333 0.421500 0.016667 0.047000
0 0.726333 0.772500 0.046000 0.027000
0 0.697000 0.695000 0.032667 0.022000
0 0.707000 0.670500 0.026000 0.041000
0 0.700000 0.713000 0.016000 0.020000
