0 0.197403 0.101399 0.353247 0.199301
0 0.461688 0.334790 0.723377 0.344406
0 0.362987 0.555944 0.341558 0.258741
0 0.649351 0.564685 0.303896 0.188811
0 0.870779 0.680070 0.198701 0.244755
0 0.857143 0.472902 0.135065 0.148601
0 0.724675 0.115385 0.103896 0.164336
0 0.563636 0.169580 0.207792 0.171329
0 0.451299 0.134615 0.209091 0.104895
0 0.394156 0.086538 0.076623 0.064685
0 0.085714 0.528846 0.046753 0.061189
0 0.360390 0.649476 0.061039 0.064685
0 0.472727 0.663462 0.109091 0.068182
0 0.915584 0.769231 0.077922 0.122378
0 0.183117 0.688811 0.072727 0.087413
