0 0.049444 0.289459 0.016667 0.096866
0 0.087361 0.290883 0.015833 0.054131
0 0.106389 0.263533 0.008333 0.042735
0 0.135972 0.235043 0.026944 0.054131
0 0.112083 0.164672 0.037500 0.063818
0 0.154722 0.347578 0.041111 0.085470
0 0.199167 0.287179 0.045000 0.080912
0 0.350556 0.351282 0.028333 0.058689
0 0.354444 0.437607 0.025000 0.062678
0 0.404306 0.443875 0.040278 0.046724
0 0.514444 0.485185 0.027222 0.060969
0 0.788750 0.307123 0.046389 0.084330
0 0.825833 0.230199 0.030556 0.052422
0 0.935972 0.262393 0.029722 0.059829
0 0.966111 0.191738 0.050000 0.083761
0 0.831111 0.386325 0.043889 0.062678
0 0.875278 0.394872 0.019444 0.039886
0 0.687361 0.254416 0.120278 0.098575
