0 0.292000 0.511848 0.069333 0.156398
0 0.253333 0.558057 0.088000 0.139810
0 0.108667 0.196682 0.214667 0.374408
0 0.356667 0.552133 0.046667 0.090047
0 0.418000 0.567536 0.065333 0.097156
0 0.479333 0.508294 0.038667 0.163507
0 0.553333 0.432464 0.096000 0.144550
0 0.648000 0.399289 0.024000 0.068720
0 0.599333 0.443128 0.041333 0.094787
0 0.763333 0.481043 0.046667 0.047393
0 0.946667 0.242891 0.016000 0.172986
0 0.908000 0.186019 0.016000 0.082938
0 0.898667 0.568720 0.008000 0.028436
0 0.835333 0.509479 0.028000 0.037915
0 0.525333 0.588863 0.021333 0.045024
0 0.303333 0.385071 0.054667 0.087678
0 0.030667 0.697867 0.032000 0.030806
