0 0.370556 0.493097 0.076667 0.319527
0 0.500556 0.527613 0.094444 0.207101
0 0.610556 0.494083 0.127778 0.380671
0 0.695556 0.456607 0.042222 0.431953
0 0.692778 0.891519 0.136667 0.177515
0 0.270556 0.806706 0.038889 0.086785
0 0.413889 0.890533 0.032222 0.065089
0 0.040556 0.805720 0.072222 0.069034
0 0.089444 0.894477 0.007778 0.049310
0 0.091667 0.956607 0.014444 0.035503
0 0.009444 0.890533 0.010000 0.045365
0 0.008333 0.961538 0.007778 0.049310
0 0.221667 0.934911 0.023333 0.027613
0 0.150000 0.877712 0.024444 0.051282
0 0.146111 0.936884 0.023333 0.023669
0 0.147778 0.804734 0.022222 0.031558
0 0.105556 0.814596 0.037778 0.027613
0 0.227778 0.785996 0.008889 0.033531
0 0.228333 0.843195 0.014444 0.029586
0 0.362778 0.826430 0.047778 0.106509
0 0.365556 0.693294 0.044444 0.029586
0 0.454444 0.685404 0.022222 0.033531
0 0.682222 0.774162 0.046667 0.057199
0 0.777222 0.907298 0.016667 0.082840
0 0.820000 0.902367 0.008889 0.021696
