0 0.386139 0.468750 0.143564 0.142500
0 0.335396 0.571250 0.108911 0.132500
0 0.148515 0.550000 0.042079 0.045000
0 0.196782 0.611250 0.047030 0.057500
0 0.402228 0.318750 0.081683 0.237500
0 0.476485 0.182500 0.069307 0.150000
0 0.642946 0.360000 0.117574 0.295000
0 0.519183 0.533750 0.110149 0.102500
0 0.487624 0.433750 0.086634 0.132500
0 0.524134 0.627500 0.043317 0.050000
0 0.439356 0.612500 0.037129 0.055000
0 0.454827 0.560000 0.055693 0.075000
0 0.605817 0.642500 0.028465 0.035000
0 0.083540 0.578750 0.085396 0.047500
