0 0.331667 0.540741 0.054444 0.112593
0 0.428889 0.536296 0.048889 0.091852
0 0.543889 0.551852 0.070000 0.093333
0 0.681111 0.581481 0.113333 0.090370
0 0.772778 0.591111 0.038889 0.065185
0 0.847778 0.604444 0.080000 0.080000
0 0.927222 0.611111 0.047778 0.081481
0 0.973889 0.635556 0.050000 0.080000
0 0.920556 0.537037 0.038889 0.066667
0 0.790556 0.496296 0.050000 0.074074
0 0.784444 0.380741 0.002222 0.118519
0 0.595000 0.832593 0.036667 0.059259
0 0.727778 0.865926 0.055556 0.072593
0 0.839444 0.932593 0.030000 0.031111
0 0.591667 0.942222 0.021111 0.047407
0 0.442778 0.927407 0.092222 0.050370
0 0.258889 0.774074 0.037778 0.037037
0 0.326111 0.794074 0.047778 0.029630
0 0.056667 0.551852 0.055556 0.037037
0 0.172222 0.578519 0.080000 0.054815
0 0.247222 0.604444 0.047778 0.080000
0 0.050556 0.630370 0.050000 0.048889
0 0.131111 0.479259 0.051111 0.037037
0 0.225000 0.504444 0.063333 0.031111
0 0.297778 0.509630 0.033333 0.035556
