0 0.122642 0.538333 0.047725 0.036667
0 0.177026 0.533333 0.063263 0.046667
0 0.223640 0.526667 0.038846 0.060000
0 0.294673 0.524167 0.061043 0.095000
0 0.347947 0.487500 0.061043 0.098333
0 0.386238 0.440833 0.046615 0.111667
0 0.543840 0.394167 0.233074 0.065000
0 0.554939 0.475833 0.159822 0.091667
0 0.430633 0.547500 0.062153 0.051667
0 0.391232 0.588333 0.056604 0.063333
0 0.519978 0.664167 0.041065 0.035000
0 0.576582 0.326667 0.100999 0.073333
0 0.476693 0.343333 0.067703 0.043333
0 0.713651 0.357500 0.179800 0.068333
0 0.704218 0.432500 0.134295 0.095000
0 0.817425 0.315833 0.249723 0.058333
0 0.802442 0.250000 0.117647 0.106667
0 0.869589 0.372500 0.127636 0.051667
0 0.820200 0.440000 0.122087 0.090000
0 0.957825 0.237500 0.073252 0.201667
0 0.916204 0.247500 0.045505 0.068333
0 0.974473 0.072500 0.028857 0.125000
0 0.986127 0.431667 0.023307 0.023333
0 0.918979 0.505000 0.033296 0.020000
0 0.815760 0.625833 0.044395 0.038333
0 0.954495 0.644167 0.028857 0.018333
0 0.175361 0.583333 0.079911 0.043333
