0 0.330417 0.515079 0.012500 0.039683
0 0.321250 0.568254 0.032500 0.082540
0 0.333333 0.631746 0.041667 0.053968
0 0.379583 0.696032 0.032500 0.065079
0 0.411250 0.715079 0.022500 0.052381
0 0.439167 0.786508 0.015000 0.096825
0 0.424167 0.880952 0.023333 0.057143
0 0.430417 0.933333 0.029167 0.038095
0 0.415417 0.970635 0.042500 0.055556
0 0.263750 0.816667 0.020833 0.033333
0 0.496250 0.485714 0.025833 0.050794
0 0.486667 0.543651 0.056667 0.090476
0 0.604583 0.528571 0.049167 0.076190
0 0.685417 0.569841 0.067500 0.069841
0 0.759167 0.919048 0.091667 0.161905
0 0.919167 0.570635 0.065000 0.061905
0 0.412083 0.340476 0.065833 0.096825
