0 0.455000 0.731978 0.016000 0.051756
0 0.492000 0.732902 0.020000 0.064695
0 0.329500 0.736599 0.015000 0.049908
0 0.295000 0.738447 0.018000 0.049908
0 0.368000 0.737523 0.012000 0.051756
0 0.365000 0.831793 0.008000 0.018484
0 0.291000 0.841959 0.014000 0.031423
0 0.328500 0.846580 0.017000 0.044362
0 0.759000 0.834566 0.016000 0.038817
0 0.033500 0.916821 0.059000 0.066543
0 0.432000 0.568392 0.164000 0.116451
0 0.338500 0.616451 0.043000 0.035120
0 0.557000 0.608133 0.036000 0.059150
0 0.498500 0.486137 0.183000 0.092421
0 0.487000 0.823475 0.010000 0.020333
