0 0.199583 0.620562 0.147500 0.072485
0 0.211250 0.741124 0.135833 0.112426
0 0.104583 0.833580 0.110833 0.075444
0 0.184583 0.847633 0.104167 0.100592
0 0.302083 0.704142 0.045833 0.088757
0 0.323750 0.582840 0.095833 0.085799
0 0.430417 0.721154 0.029167 0.105030
0 0.485833 0.710799 0.036667 0.131657
0 0.539583 0.661982 0.030833 0.075444
0 0.583333 0.678254 0.021667 0.122781
0 0.609167 0.648669 0.018333 0.075444
0 0.667083 0.630178 0.027500 0.150888
0 0.706667 0.568787 0.028333 0.078402
0 0.734167 0.523669 0.055000 0.094675
0 0.728750 0.592456 0.037500 0.066568
0 0.767500 0.548077 0.028333 0.045858
0 0.818333 0.575444 0.076667 0.079882
0 0.818750 0.660503 0.062500 0.107988
0 0.766667 0.667160 0.025000 0.085799
0 0.807500 0.409763 0.116667 0.207101
0 0.893333 0.352811 0.113333 0.261834
0 0.920833 0.542899 0.058333 0.159763
0 0.876667 0.630917 0.046667 0.105030
0 0.912083 0.633136 0.030833 0.044379
