0 0.042778 0.642500 0.078889 0.185000
0 0.125556 0.655000 0.080000 0.150000
0 0.193333 0.674167 0.048889 0.045000
0 0.258889 0.710833 0.075556 0.165000
0 0.431667 0.655000 0.163333 0.080000
0 0.391111 0.812500 0.104444 0.135000
0 0.528333 0.764167 0.023333 0.045000
0 0.548333 0.820833 0.034444 0.045000
0 0.621667 0.733333 0.030000 0.090000
0 0.612778 0.648333 0.047778 0.066667
0 0.455556 0.513333 0.215556 0.193333
0 0.523333 0.313333 0.080000 0.176667
0 0.129444 0.505000 0.067778 0.090000
0 0.226111 0.586667 0.067778 0.046667
0 0.304444 0.550000 0.048889 0.120000
0 0.624444 0.433333 0.037778 0.333333
0 0.656667 0.359167 0.037778 0.235000
0 0.725556 0.323333 0.128889 0.210000
0 0.851111 0.461667 0.197778 0.196667
0 0.816667 0.583333 0.104444 0.093333
0 0.787778 0.677500 0.051111 0.051667
0 0.816111 0.654167 0.067778 0.048333
