0 0.060000 0.148889 0.115000 0.280000
0 0.295000 0.137778 0.345000 0.240000
0 0.346250 0.335556 0.377500 0.244444
0 0.397500 0.528889 0.340000 0.186667
0 0.367500 0.655556 0.195000 0.084444
0 0.261250 0.660000 0.047500 0.075556
0 0.295000 0.751111 0.060000 0.115556
0 0.335000 0.726667 0.035000 0.066667
0 0.412500 0.740000 0.040000 0.084444
0 0.416250 0.855556 0.027500 0.048889
0 0.592500 0.715556 0.110000 0.346667
0 0.546250 0.111111 0.172500 0.177778
0 0.556250 0.360000 0.077500 0.373333
0 0.627500 0.371111 0.030000 0.288889
0 0.668750 0.366667 0.027500 0.297778
0 0.682500 0.713333 0.045000 0.368889
0 0.721250 0.108889 0.147500 0.200000
0 0.808750 0.380000 0.227500 0.315556
0 0.767500 0.633333 0.115000 0.164444
0 0.833750 0.142222 0.067500 0.151111
0 0.935000 0.273333 0.080000 0.431111
