0 0.234628 0.476829 0.456311 0.768293
0 0.056634 0.865854 0.100324 0.112195
0 0.379450 0.892683 0.169903 0.107317
0 0.491100 0.845122 0.095469 0.109756
0 0.419094 0.726829 0.100324 0.175610
0 0.302589 0.523171 0.126214 0.104878
0 0.408576 0.421951 0.111650 0.121951
0 0.647249 0.317073 0.482201 0.341463
0 0.781553 0.565854 0.271845 0.214634
0 0.614078 0.589024 0.134304 0.202439
0 0.488673 0.552439 0.106796 0.104878
0 0.631877 0.804878 0.101942 0.195122
0 0.805825 0.806098 0.233010 0.265854
0 0.901294 0.724390 0.190939 0.175610
0 0.931230 0.359756 0.134304 0.524390
