0 0.108684 0.935288 0.144912 0.117625
0 0.100802 0.816372 0.039546 0.050885
0 0.167727 0.883112 0.118086 0.108407
0 0.225249 0.842367 0.076051 0.134587
0 0.252212 0.771018 0.044801 0.077434
0 0.290653 0.752028 0.057522 0.071903
0 0.333518 0.737647 0.029867 0.063053
0 0.170631 0.685841 0.029867 0.020649
0 0.101217 0.680863 0.040376 0.043142
0 0.146433 0.577618 0.015763 0.015855
0 0.397124 0.694322 0.019358 0.033923
0 0.413579 0.675332 0.049502 0.047566
0 0.446211 0.670354 0.064989 0.043510
0 0.490597 0.663901 0.042035 0.038717
0 0.493225 0.635509 0.047290 0.067478
0 0.503319 0.601954 0.050885 0.046829
0 0.518944 0.569690 0.052268 0.028024
0 0.559043 0.475479 0.039546 0.040929
0 0.541067 0.529499 0.030697 0.036873
0 0.415100 0.500922 0.014934 0.018068
0 0.441233 0.513827 0.022400 0.023968
0 0.575498 0.451512 0.072456 0.066740
0 0.541344 0.393252 0.046184 0.061578
0 0.599281 0.399889 0.018805 0.040929
0 0.607439 0.348636 0.020188 0.063791
0 0.607992 0.281711 0.016316 0.075959
0 0.519358 0.348820 0.065265 0.050885
0 0.584486 0.357485 0.064989 0.041667
0 0.500691 0.308628 0.079923 0.045723
0 0.152378 0.447456 0.017146 0.026917
0 0.192754 0.442294 0.017146 0.029867
0 0.293695 0.439712 0.051438 0.058628
0 0.289132 0.338496 0.021847 0.036136
0 0.286504 0.304019 0.012168 0.021018
0 0.275028 0.240782 0.015763 0.025811
