0 0.188232 0.920147 0.033691 0.082051
0 0.227783 0.866300 0.070801 0.079853
0 0.281006 0.815018 0.020996 0.059341
0 0.355225 0.652747 0.025879 0.092308
0 0.333496 0.655678 0.015625 0.035165
0 0.369141 0.668132 0.016602 0.021978
0 0.277344 0.620879 0.026367 0.035897
0 0.256836 0.692674 0.027344 0.076923
0 0.283691 0.568498 0.030273 0.089377
0 0.289062 0.506960 0.024414 0.073260
0 0.510986 0.493407 0.033691 0.072527
0 0.357910 0.592674 0.012695 0.030769
0 0.361816 0.568132 0.004883 0.012454
0 0.366211 0.586081 0.005859 0.011722
0 0.337891 0.628571 0.008789 0.013187
0 0.431885 0.341392 0.037598 0.038095
0 0.460938 0.341758 0.021484 0.021245
0 0.515381 0.326374 0.068848 0.024176
0 0.544678 0.307326 0.033691 0.012454
0 0.054688 0.450549 0.050781 0.016117
0 0.154053 0.456044 0.017090 0.008059
0 0.173584 0.456410 0.020020 0.014652
0 0.265625 0.471062 0.021484 0.027839
0 0.283936 0.452381 0.027832 0.038828
