0 0.341429 0.321066 0.082857 0.180203
0 0.455714 0.411168 0.048571 0.065990
0 0.563571 0.563452 0.055714 0.121827
0 0.722857 0.317259 0.071429 0.147208
0 0.729286 0.461929 0.081429 0.091371
0 0.761429 0.362944 0.068571 0.086294
0 0.852143 0.229695 0.098571 0.119289
0 0.874286 0.331218 0.065714 0.068528
0 0.742857 0.159898 0.100000 0.086294
0 0.594286 0.191624 0.094286 0.088832
0 0.419286 0.131980 0.095714 0.096447
0 0.532857 0.242386 0.068571 0.109137
0 0.544286 0.342640 0.117143 0.096447
0 0.129286 0.063452 0.058571 0.065990
0 0.284286 0.265228 0.040000 0.124365
0 0.087857 0.605330 0.058571 0.083756
0 0.247857 0.653553 0.058571 0.043147
0 0.398571 0.583756 0.045714 0.065990
0 0.435714 0.648477 0.005714 0.007614
0 0.422143 0.635787 0.018571 0.022843
0 0.274286 0.461929 0.037143 0.065990
