0 0.144687 0.764897 0.265625 0.268689
0 0.369688 0.751896 0.114375 0.270856
0 0.189688 0.489707 0.171875 0.238353
0 0.298438 0.248104 0.164375 0.166847
0 0.356875 0.096425 0.131250 0.156013
0 0.248125 0.135428 0.076250 0.075840
0 0.180000 0.334236 0.093750 0.087757
0 0.693125 0.860780 0.118750 0.141928
0 0.728125 0.770314 0.068750 0.112676
0 0.653750 0.728602 0.061250 0.135428
0 0.627188 0.879740 0.044375 0.082340
0 0.812187 0.817985 0.024375 0.140845
0 0.777813 0.809317 0.016875 0.136511
0 0.968437 0.670639 0.050625 0.485374
0 0.902500 0.684182 0.073750 0.421452
