0 0.033631 0.567411 0.051786 0.264732
0 0.084598 0.556250 0.047470 0.189286
0 0.131399 0.501004 0.033333 0.227455
0 0.201488 0.423438 0.128274 0.133929
0 0.089583 0.509040 0.175000 0.098884
0 0.068304 0.928013 0.132440 0.143973
0 0.116815 0.707254 0.028274 0.034152
0 0.464435 0.291629 0.440179 0.174330
0 0.664658 0.149665 0.199851 0.135045
0 0.409449 0.481362 0.151637 0.222098
0 0.350372 0.675335 0.160863 0.144420
0 0.354613 0.817746 0.115476 0.121205
0 0.364137 0.893192 0.049702 0.029687
0 0.557961 0.902790 0.054613 0.131920
0 0.625298 0.837946 0.074405 0.155357
0 0.818452 0.504129 0.029762 0.057366
