0 0.101667 0.379451 0.144667 0.130214
0 0.150667 0.319430 0.081333 0.089522
0 0.030667 0.435402 0.045333 0.050865
0 0.059333 0.659715 0.072000 0.064090
0 0.116667 0.650560 0.066667 0.029502
0 0.156667 0.623601 0.096000 0.079349
0 0.189667 0.554425 0.080667 0.105799
0 0.232333 0.472533 0.108667 0.084435
0 0.283000 0.611394 0.058000 0.069176
0 0.238667 0.651577 0.098667 0.066124
0 0.240333 0.603764 0.059333 0.070193
0 0.423333 0.531536 0.106667 0.112920
0 0.407667 0.616480 0.084667 0.054934
0 0.493667 0.470498 0.071333 0.062055
0 0.555333 0.472533 0.090667 0.055951
0 0.607667 0.458291 0.048667 0.043744
0 0.573333 0.608342 0.092000 0.095626
0 0.584000 0.557986 0.032000 0.047813
0 0.645667 0.664293 0.058000 0.050865
0 0.673333 0.689217 0.021333 0.029502
0 0.648667 0.615972 0.045333 0.053917
0 0.791333 0.709563 0.022667 0.025432
0 0.860333 0.526958 0.072667 0.067141
0 0.886667 0.296541 0.046667 0.045778
0 0.789667 0.418616 0.063333 0.043744
