0 0.300000 0.878479 0.036000 0.072356
0 0.262500 0.917440 0.043000 0.031540
0 0.192000 0.861781 0.042000 0.076067
0 0.519500 0.744898 0.049000 0.068646
0 0.488500 0.789425 0.037000 0.050093
0 0.713500 0.602968 0.043000 0.059369
0 0.746000 0.587199 0.024000 0.053803
0 0.781000 0.580705 0.014000 0.077922
0 0.834000 0.558442 0.058000 0.063080
0 0.927000 0.541744 0.032000 0.048237
0 0.963500 0.550093 0.023000 0.042672
0 0.963000 0.697588 0.036000 0.055659
0 0.981500 0.685529 0.029000 0.064935
0 0.980500 0.833024 0.013000 0.066790
0 0.585000 0.914657 0.008000 0.037106
