0 0.206250 0.759375 0.062500 0.050000
0 0.327083 0.792188 0.091667 0.096875
0 0.409375 0.678125 0.122917 0.093750
0 0.390625 0.735938 0.164583 0.078125
0 0.562500 0.710938 0.204167 0.171875
0 0.766667 0.814063 0.462500 0.140625
0 0.537500 0.567187 0.187500 0.121875
0 0.445833 0.620313 0.137500 0.071875
0 0.745833 0.585938 0.258333 0.115625
0 0.829167 0.684375 0.341667 0.131250
0 0.790625 0.485938 0.377083 0.284375
0 0.800000 0.250000 0.320833 0.200000
0 0.881250 0.129688 0.212500 0.115625
0 0.786458 0.157812 0.068750 0.053125
0 0.206250 0.759375 0.083333 0.093750
