0 0.239063 0.371177 0.062500 0.573679
0 0.310677 0.599629 0.063021 0.211307
0 0.270052 0.772475 0.068229 0.117702
0 0.230469 0.870250 0.051562 0.070436
0 0.276562 0.886469 0.027083 0.101019
0 0.193229 0.936979 0.010417 0.033364
0 0.526302 0.196478 0.073438 0.077850
0 0.580469 0.050046 0.130729 0.064875
0 0.714844 0.050510 0.091146 0.075070
0 0.701823 0.110751 0.145313 0.078777
0 0.663802 0.166821 0.114062 0.107507
0 0.625521 0.255792 0.133333 0.157553
0 0.623437 0.373031 0.154167 0.119555
0 0.514323 0.373031 0.078646 0.169601
0 0.469010 0.475440 0.091146 0.144578
0 0.465104 0.606580 0.041667 0.095459
0 0.645312 0.518999 0.072917 0.189064
0 0.651302 0.686747 0.143229 0.133457
0 0.665104 0.825301 0.100000 0.065802
0 0.635938 0.782206 0.102083 0.048193
0 0.578906 0.855422 0.049479 0.085264
0 0.798177 0.854032 0.042188 0.104727
0 0.762760 0.215477 0.021354 0.056534
0 0.792448 0.108897 0.043229 0.112141
